name,imageUrl,area,profileUrl,office,tags,isLoggedUser,positionName,id,parentId,size
ნინო წერეთელი,https://raw.githubusercontent.com/bumbeishvili/Assets/master/Projects/D3/Organization%20Chart/cto.jpg,Corporate,http://example.com/employee/profile,CTO office,"Ceo,tag1,manager,cto",false,დირექტორი ,O-6066,,
კახა ჯამბურია,https://raw.githubusercontent.com/bumbeishvili/Assets/master/Projects/D3/Organization%20Chart/general.jpg,Corporate,http://example.com/employee/profile,CEO office,"Ceo,tag1, tag2",false,დირექტორის მოადგილე ,O-6067,O-6066,
 დავით ჭანკოტაძე,https://raw.githubusercontent.com/bumbeishvili/Assets/master/Projects/D3/Organization%20Chart/female.jpg,Corporate,http://example.com/employee/profile,CEO office,"Ceo,tag1, tag2",false,დირექტორის მოადგილე ,O-6068,O-6066,
 ლევან საბაური,https://raw.githubusercontent.com/bumbeishvili/Assets/master/Projects/D3/Organization%20Chart/female.jpg,Corporate,http://example.com/employee/profile,CEO office,"Ceo,tag1, tag2",false,დირექტორის მოადგილე ,O-6069,O-6066,
 Leverling Janet,https://raw.githubusercontent.com/bumbeishvili/Assets/master/Projects/D3/Organization%20Chart/female.jpg,Corporate,http://example.com/employee/profile,CEO office,"Ceo,tag1, tag2",false,CTO ,O-6070,O-6066,
 Leverling Janet,https://raw.githubusercontent.com/bumbeishvili/Assets/master/Projects/D3/Organization%20Chart/female.jpg,Corporate,http://example.com/employee/profile,CEO office,"Ceo,tag1, tag2",false,CTO ,O-6071,O-6067,
Fuller Andrew,https://raw.githubusercontent.com/bumbeishvili/Assets/master/Projects/D3/Organization%20Chart/general.jpg,Corporate,http://example.com/employee/profile,CEO office,"Ceo,tag1, tag2",false,Linear Manager,O-6072,O-6067,
Peacock Margaret,https://raw.githubusercontent.com/bumbeishvili/Assets/master/Projects/D3/Organization%20Chart/general.jpg,Corporate,http://example.com/employee/profile,CEO office,"Ceo,tag1, tag2",false,CEO,O-6073,O-6067,
Buchanan Steven,https://raw.githubusercontent.com/bumbeishvili/Assets/master/Projects/D3/Organization%20Chart/general.jpg,Corporate,http://example.com/employee/profile,CEO office,"Ceo,tag1, tag2",false,Head of direction,O-6074,O-6067,
Suyama Michael,https://raw.githubusercontent.com/bumbeishvili/Assets/master/Projects/D3/Organization%20Chart/general.jpg,Corporate,http://example.com/employee/profile,CEO office,"Ceo,tag1, tag2",false,Senior sales manager,O-6075,O-6067,
King Robert,https://raw.githubusercontent.com/bumbeishvili/Assets/master/Projects/D3/Organization%20Chart/general.jpg,Corporate,http://example.com/employee/profile,CEO office,"Ceo,tag1, tag2",false,Senior Sales Manager,O-6076,O-6067,
West Adam,https://raw.githubusercontent.com/bumbeishvili/Assets/master/Projects/D3/Organization%20Chart/general.jpg,Corporate,http://example.com/employee/profile,CEO office,"Ceo,tag1, tag2",false,CTO,O-6077,O-6067,
Charlotte Cooper,https://raw.githubusercontent.com/bumbeishvili/Assets/master/Projects/D3/Organization%20Chart/general.jpg,Corporate,http://example.com/employee/profile,CEO office,"Ceo,tag1, tag2",false,Senior Trader,O-6078,O-6067,
Yoshi Nagase,https://raw.githubusercontent.com/bumbeishvili/Assets/master/Projects/D3/Organization%20Chart/general.jpg,Corporate,http://example.com/employee/profile,CEO office,"Ceo,tag1, tag2",false,Head of laboratory,O-6079,O-6067,
Peter Wilson,https://raw.githubusercontent.com/bumbeishvili/Assets/master/Projects/D3/Organization%20Chart/general.jpg,Corporate,http://example.com/employee/profile,CEO office,"Ceo,tag1, tag2",false,Head of channels,O-6080,O-6068,
Carlos Diaz,https://raw.githubusercontent.com/bumbeishvili/Assets/master/Projects/D3/Organization%20Chart/general.jpg,Corporate,http://example.com/employee/profile,CEO office,"Ceo,tag1, tag2",false,Senior Android Developer,O-6081,O-6068,
Sven Petersen,https://raw.githubusercontent.com/bumbeishvili/Assets/master/Projects/D3/Organization%20Chart/general.jpg,Corporate,http://example.com/employee/profile,CEO office,"Ceo,tag1, tag2",false,Senior Developer,O-6082,O-6068,
Peter Wilson,https://raw.githubusercontent.com/bumbeishvili/Assets/master/Projects/D3/Organization%20Chart/general.jpg,Corporate,http://example.com/employee/profile,CEO office,"Ceo,tag1, tag2",false,Head of channels,O-6083,O-6069,
Carlos Diaz,https://raw.githubusercontent.com/bumbeishvili/Assets/master/Projects/D3/Organization%20Chart/general.jpg,Corporate,http://example.com/employee/profile,CEO office,"Ceo,tag1, tag2",false,Senior Android Developer,O-6084,O-6069,
Sven Petersen,https://raw.githubusercontent.com/bumbeishvili/Assets/master/Projects/D3/Organization%20Chart/general.jpg,Corporate,http://example.com/employee/profile,CEO office,"Ceo,tag1, tag2",false,Senior Developer,O-6085,O-6069,
Peter Wilson,https://raw.githubusercontent.com/bumbeishvili/Assets/master/Projects/D3/Organization%20Chart/general.jpg,Corporate,http://example.com/employee/profile,CEO office,"Ceo,tag1, tag2",false,Head of channels,O-6086,O-6070,
Carlos Diaz,https://raw.githubusercontent.com/bumbeishvili/Assets/master/Projects/D3/Organization%20Chart/general.jpg,Corporate,http://example.com/employee/profile,CEO office,"Ceo,tag1, tag2",false,Senior Android Developer,O-6087,O-6070,
Sven Petersen,https://raw.githubusercontent.com/bumbeishvili/Assets/master/Projects/D3/Organization%20Chart/general.jpg,Corporate,http://example.com/employee/profile,CEO office,"Ceo,tag1, tag2",false,Senior Developer,O-6088,O-6070,
 Leverling Janet,https://raw.githubusercontent.com/bumbeishvili/Assets/master/Projects/D3/Organization%20Chart/female.jpg,Corporate,http://example.com/employee/profile,CEO office,"Ceo,tag1, tag2",false,CTO ,O-6089,O-6071,
Fuller Andrew,https://raw.githubusercontent.com/bumbeishvili/Assets/master/Projects/D3/Organization%20Chart/general.jpg,Corporate,http://example.com/employee/profile,CEO office,"Ceo,tag1, tag2",false,Linear Manager,O-6090,O-6071,
Peacock Margaret,https://raw.githubusercontent.com/bumbeishvili/Assets/master/Projects/D3/Organization%20Chart/general.jpg,Corporate,http://example.com/employee/profile,CEO office,"Ceo,tag1, tag2",false,CEO,O-6091,O-6071,
Buchanan Steven,https://raw.githubusercontent.com/bumbeishvili/Assets/master/Projects/D3/Organization%20Chart/general.jpg,Corporate,http://example.com/employee/profile,CEO office,"Ceo,tag1, tag2",false,Head of direction,O-6092,O-6071,
Suyama Michael,https://raw.githubusercontent.com/bumbeishvili/Assets/master/Projects/D3/Organization%20Chart/general.jpg,Corporate,http://example.com/employee/profile,CEO office,"Ceo,tag1, tag2",false,Senior sales manager,O-6093,O-6071,
King Robert,https://raw.githubusercontent.com/bumbeishvili/Assets/master/Projects/D3/Organization%20Chart/general.jpg,Corporate,http://example.com/employee/profile,CEO office,"Ceo,tag1, tag2",false,Senior Sales Manager,O-6094,O-6071,
West Adam,https://raw.githubusercontent.com/bumbeishvili/Assets/master/Projects/D3/Organization%20Chart/general.jpg,Corporate,http://example.com/employee/profile,CEO office,"Ceo,tag1, tag2",false,CTO,O-6095,O-6071,
Charlotte Cooper,https://raw.githubusercontent.com/bumbeishvili/Assets/master/Projects/D3/Organization%20Chart/general.jpg,Corporate,http://example.com/employee/profile,CEO office,"Ceo,tag1, tag2",false,Senior Trader,O-6096,O-6071,
Yoshi Nagase,https://raw.githubusercontent.com/bumbeishvili/Assets/master/Projects/D3/Organization%20Chart/general.jpg,Corporate,http://example.com/employee/profile,CEO office,"Ceo,tag1, tag2",false,Head of laboratory,O-6097,O-6071,
 Leverling Janet,https://raw.githubusercontent.com/bumbeishvili/Assets/master/Projects/D3/Organization%20Chart/female.jpg,Corporate,http://example.com/employee/profile,CEO office,"Ceo,tag1, tag2",false,CTO ,O-6098,O-6072,
Fuller Andrew,https://raw.githubusercontent.com/bumbeishvili/Assets/master/Projects/D3/Organization%20Chart/general.jpg,Corporate,http://example.com/employee/profile,CEO office,"Ceo,tag1, tag2",false,Linear Manager,O-6099,O-6072,
Peacock Margaret,https://raw.githubusercontent.com/bumbeishvili/Assets/master/Projects/D3/Organization%20Chart/general.jpg,Corporate,http://example.com/employee/profile,CEO office,"Ceo,tag1, tag2",false,CEO,O-6100,O-6072,
Buchanan Steven,https://raw.githubusercontent.com/bumbeishvili/Assets/master/Projects/D3/Organization%20Chart/general.jpg,Corporate,http://example.com/employee/profile,CEO office,"Ceo,tag1, tag2",false,Head of direction,O-6101,O-6072,
Suyama Michael,https://raw.githubusercontent.com/bumbeishvili/Assets/master/Projects/D3/Organization%20Chart/general.jpg,Corporate,http://example.com/employee/profile,CEO office,"Ceo,tag1, tag2",false,Senior sales manager,O-6102,O-6072,
King Robert,https://raw.githubusercontent.com/bumbeishvili/Assets/master/Projects/D3/Organization%20Chart/general.jpg,Corporate,http://example.com/employee/profile,CEO office,"Ceo,tag1, tag2",false,Senior Sales Manager,O-6103,O-6072,
West Adam,https://raw.githubusercontent.com/bumbeishvili/Assets/master/Projects/D3/Organization%20Chart/general.jpg,Corporate,http://example.com/employee/profile,CEO office,"Ceo,tag1, tag2",false,CTO,O-6104,O-6072,
Charlotte Cooper,https://raw.githubusercontent.com/bumbeishvili/Assets/master/Projects/D3/Organization%20Chart/general.jpg,Corporate,http://example.com/employee/profile,CEO office,"Ceo,tag1, tag2",false,Senior Trader,O-6105,O-6072,
Yoshi Nagase,https://raw.githubusercontent.com/bumbeishvili/Assets/master/Projects/D3/Organization%20Chart/general.jpg,Corporate,http://example.com/employee/profile,CEO office,"Ceo,tag1, tag2",false,Head of laboratory,O-6106,O-6072,
 Leverling Janet,https://raw.githubusercontent.com/bumbeishvili/Assets/master/Projects/D3/Organization%20Chart/female.jpg,Corporate,http://example.com/employee/profile,CEO office,"Ceo,tag1, tag2",false,CTO ,O-6107,O-6073,
Fuller Andrew,https://raw.githubusercontent.com/bumbeishvili/Assets/master/Projects/D3/Organization%20Chart/general.jpg,Corporate,http://example.com/employee/profile,CEO office,"Ceo,tag1, tag2",false,Linear Manager,O-6108,O-6073,
Peacock Margaret,https://raw.githubusercontent.com/bumbeishvili/Assets/master/Projects/D3/Organization%20Chart/general.jpg,Corporate,http://example.com/employee/profile,CEO office,"Ceo,tag1, tag2",false,CEO,O-6109,O-6073,
Buchanan Steven,https://raw.githubusercontent.com/bumbeishvili/Assets/master/Projects/D3/Organization%20Chart/general.jpg,Corporate,http://example.com/employee/profile,CEO office,"Ceo,tag1, tag2",false,Head of direction,O-6110,O-6073,
Suyama Michael,https://raw.githubusercontent.com/bumbeishvili/Assets/master/Projects/D3/Organization%20Chart/general.jpg,Corporate,http://example.com/employee/profile,CEO office,"Ceo,tag1, tag2",false,Senior sales manager,O-6111,O-6073,
King Robert,https://raw.githubusercontent.com/bumbeishvili/Assets/master/Projects/D3/Organization%20Chart/general.jpg,Corporate,http://example.com/employee/profile,CEO office,"Ceo,tag1, tag2",false,Senior Sales Manager,O-6112,O-6073,
West Adam,https://raw.githubusercontent.com/bumbeishvili/Assets/master/Projects/D3/Organization%20Chart/general.jpg,Corporate,http://example.com/employee/profile,CEO office,"Ceo,tag1, tag2",false,CTO,O-6113,O-6073,
Charlotte Cooper,https://raw.githubusercontent.com/bumbeishvili/Assets/master/Projects/D3/Organization%20Chart/general.jpg,Corporate,http://example.com/employee/profile,CEO office,"Ceo,tag1, tag2",false,Senior Trader,O-6114,O-6073,
Yoshi Nagase,https://raw.githubusercontent.com/bumbeishvili/Assets/master/Projects/D3/Organization%20Chart/general.jpg,Corporate,http://example.com/employee/profile,CEO office,"Ceo,tag1, tag2",false,Head of laboratory,O-6115,O-6073,
 Leverling Janet,https://raw.githubusercontent.com/bumbeishvili/Assets/master/Projects/D3/Organization%20Chart/female.jpg,Corporate,http://example.com/employee/profile,CEO office,"Ceo,tag1, tag2",false,CTO ,O-6116,O-6074,
Fuller Andrew,https://raw.githubusercontent.com/bumbeishvili/Assets/master/Projects/D3/Organization%20Chart/general.jpg,Corporate,http://example.com/employee/profile,CEO office,"Ceo,tag1, tag2",false,Linear Manager,O-6117,O-6074,
Peacock Margaret,https://raw.githubusercontent.com/bumbeishvili/Assets/master/Projects/D3/Organization%20Chart/general.jpg,Corporate,http://example.com/employee/profile,CEO office,"Ceo,tag1, tag2",false,CEO,O-6118,O-6074,
Buchanan Steven,https://raw.githubusercontent.com/bumbeishvili/Assets/master/Projects/D3/Organization%20Chart/general.jpg,Corporate,http://example.com/employee/profile,CEO office,"Ceo,tag1, tag2",false,Head of direction,O-6119,O-6074,
Suyama Michael,https://raw.githubusercontent.com/bumbeishvili/Assets/master/Projects/D3/Organization%20Chart/general.jpg,Corporate,http://example.com/employee/profile,CEO office,"Ceo,tag1, tag2",false,Senior sales manager,O-6120,O-6074,
King Robert,https://raw.githubusercontent.com/bumbeishvili/Assets/master/Projects/D3/Organization%20Chart/general.jpg,Corporate,http://example.com/employee/profile,CEO office,"Ceo,tag1, tag2",false,Senior Sales Manager,O-6121,O-6074,
West Adam,https://raw.githubusercontent.com/bumbeishvili/Assets/master/Projects/D3/Organization%20Chart/general.jpg,Corporate,http://example.com/employee/profile,CEO office,"Ceo,tag1, tag2",false,CTO,O-6122,O-6074,
Charlotte Cooper,https://raw.githubusercontent.com/bumbeishvili/Assets/master/Projects/D3/Organization%20Chart/general.jpg,Corporate,http://example.com/employee/profile,CEO office,"Ceo,tag1, tag2",false,Senior Trader,O-6123,O-6074,
Yoshi Nagase,https://raw.githubusercontent.com/bumbeishvili/Assets/master/Projects/D3/Organization%20Chart/general.jpg,Corporate,http://example.com/employee/profile,CEO office,"Ceo,tag1, tag2",false,Head of laboratory,O-6124,O-6074,
Callahan Laura,https://raw.githubusercontent.com/bumbeishvili/Assets/master/Projects/D3/Organization%20Chart/general.jpg,Corporate,http://example.com/employee/profile,CEO office,"Ceo,tag1, tag2",false,Junior sales manager,O-6125,O-6076,
Dodsworth Anne,https://raw.githubusercontent.com/bumbeishvili/Assets/master/Projects/D3/Organization%20Chart/general.jpg,Corporate,http://example.com/employee/profile,CEO office,"Ceo,tag1, tag2",false,Junior sales manager,O-6126,O-6076,
Shelley Burke,https://raw.githubusercontent.com/bumbeishvili/Assets/master/Projects/D3/Organization%20Chart/general.jpg,Corporate,http://example.com/employee/profile,CEO office,"Ceo,tag1, tag2",false,Intern,O-6127,O-6078,
Valle Saavedra,https://raw.githubusercontent.com/bumbeishvili/Assets/master/Projects/D3/Organization%20Chart/general.jpg,Corporate,http://example.com/employee/profile,CEO office,"Ceo,tag1, tag2",false,Junior Inovator,O-6128,O-6079,
Regina Murphy,https://raw.githubusercontent.com/bumbeishvili/Assets/master/Projects/D3/Organization%20Chart/general.jpg,Corporate,http://example.com/employee/profile,CEO office,"Ceo,tag1, tag2",false,Developer,O-6129,O-6079,
Mayumi Ohno,https://raw.githubusercontent.com/bumbeishvili/Assets/master/Projects/D3/Organization%20Chart/general.jpg,Corporate,http://example.com/employee/profile,CEO office,"Ceo,tag1, tag2",false,Senior developer,O-6130,O-6079,
SizePalette,https://raw.githubusercontent.com/bumbeishvili/Assets/master/Projects/D3/Organization%20Chart/general.jpg,Corporate,http://example.com/employee/profile,CEO office,"Ceo,tag1, tag2",false,System analyst,O-6131,O-6079,
 Leverling Janet,https://raw.githubusercontent.com/bumbeishvili/Assets/master/Projects/D3/Organization%20Chart/female.jpg,Corporate,http://example.com/employee/profile,CEO office,"Ceo,tag1, tag2",false,CTO ,O-6132,O-6080,
Fuller Andrew,https://raw.githubusercontent.com/bumbeishvili/Assets/master/Projects/D3/Organization%20Chart/general.jpg,Corporate,http://example.com/employee/profile,CEO office,"Ceo,tag1, tag2",false,Linear Manager,O-6133,O-6080,
Peacock Margaret,https://raw.githubusercontent.com/bumbeishvili/Assets/master/Projects/D3/Organization%20Chart/general.jpg,Corporate,http://example.com/employee/profile,CEO office,"Ceo,tag1, tag2",false,CEO,O-6134,O-6080,
Buchanan Steven,https://raw.githubusercontent.com/bumbeishvili/Assets/master/Projects/D3/Organization%20Chart/general.jpg,Corporate,http://example.com/employee/profile,CEO office,"Ceo,tag1, tag2",false,Head of direction,O-6135,O-6080,
Suyama Michael,https://raw.githubusercontent.com/bumbeishvili/Assets/master/Projects/D3/Organization%20Chart/general.jpg,Corporate,http://example.com/employee/profile,CEO office,"Ceo,tag1, tag2",false,Senior sales manager,O-6136,O-6080,
King Robert,https://raw.githubusercontent.com/bumbeishvili/Assets/master/Projects/D3/Organization%20Chart/general.jpg,Corporate,http://example.com/employee/profile,CEO office,"Ceo,tag1, tag2",false,Senior Sales Manager,O-6137,O-6080,
West Adam,https://raw.githubusercontent.com/bumbeishvili/Assets/master/Projects/D3/Organization%20Chart/general.jpg,Corporate,http://example.com/employee/profile,CEO office,"Ceo,tag1, tag2",false,CTO,O-6138,O-6080,
Charlotte Cooper,https://raw.githubusercontent.com/bumbeishvili/Assets/master/Projects/D3/Organization%20Chart/general.jpg,Corporate,http://example.com/employee/profile,CEO office,"Ceo,tag1, tag2",false,Senior Trader,O-6139,O-6080,
Yoshi Nagase,https://raw.githubusercontent.com/bumbeishvili/Assets/master/Projects/D3/Organization%20Chart/general.jpg,Corporate,http://example.com/employee/profile,CEO office,"Ceo,tag1, tag2",false,Head of laboratory,O-6140,O-6080,
 Leverling Janet,https://raw.githubusercontent.com/bumbeishvili/Assets/master/Projects/D3/Organization%20Chart/female.jpg,Corporate,http://example.com/employee/profile,CEO office,"Ceo,tag1, tag2",false,CTO ,O-6141,O-6081,
Fuller Andrew,https://raw.githubusercontent.com/bumbeishvili/Assets/master/Projects/D3/Organization%20Chart/general.jpg,Corporate,http://example.com/employee/profile,CEO office,"Ceo,tag1, tag2",false,Linear Manager,O-6142,O-6081,
Peacock Margaret,https://raw.githubusercontent.com/bumbeishvili/Assets/master/Projects/D3/Organization%20Chart/general.jpg,Corporate,http://example.com/employee/profile,CEO office,"Ceo,tag1, tag2",false,CEO,O-6143,O-6081,
Buchanan Steven,https://raw.githubusercontent.com/bumbeishvili/Assets/master/Projects/D3/Organization%20Chart/general.jpg,Corporate,http://example.com/employee/profile,CEO office,"Ceo,tag1, tag2",false,Head of direction,O-6144,O-6081,
Suyama Michael,https://raw.githubusercontent.com/bumbeishvili/Assets/master/Projects/D3/Organization%20Chart/general.jpg,Corporate,http://example.com/employee/profile,CEO office,"Ceo,tag1, tag2",false,Senior sales manager,O-6145,O-6081,
King Robert,https://raw.githubusercontent.com/bumbeishvili/Assets/master/Projects/D3/Organization%20Chart/general.jpg,Corporate,http://example.com/employee/profile,CEO office,"Ceo,tag1, tag2",false,Senior Sales Manager,O-6146,O-6081,
West Adam,https://raw.githubusercontent.com/bumbeishvili/Assets/master/Projects/D3/Organization%20Chart/general.jpg,Corporate,http://example.com/employee/profile,CEO office,"Ceo,tag1, tag2",false,CTO,O-6147,O-6081,
Charlotte Cooper,https://raw.githubusercontent.com/bumbeishvili/Assets/master/Projects/D3/Organization%20Chart/general.jpg,Corporate,http://example.com/employee/profile,CEO office,"Ceo,tag1, tag2",false,Senior Trader,O-6148,O-6081,
Yoshi Nagase,https://raw.githubusercontent.com/bumbeishvili/Assets/master/Projects/D3/Organization%20Chart/general.jpg,Corporate,http://example.com/employee/profile,CEO office,"Ceo,tag1, tag2",false,Head of laboratory,O-6149,O-6081,
Current User,https://raw.githubusercontent.com/bumbeishvili/Assets/master/Projects/D3/Organization%20Chart/bean.png,Corporate,http://example.com/employee/profile,CEO office,"Ceo,tag1, tag2",false,Web Developer,O-6150,O-6082,
Beate Vileid,https://raw.githubusercontent.com/bumbeishvili/Assets/master/Projects/D3/Organization%20Chart/general.jpg,Corporate,http://example.com/employee/profile,CEO office,"Ceo,tag1, tag2",false,Junior Developer,O-6151,O-6082,
 Lars Peterson,https://raw.githubusercontent.com/bumbeishvili/Assets/master/Projects/D3/Organization%20Chart/general.jpg,Corporate,http://example.com/employee/profile,CEO office,"Ceo,tag1, tag2",false,Anakyst Developer,O-6152,O-6083,
 Leverling Janet,https://raw.githubusercontent.com/bumbeishvili/Assets/master/Projects/D3/Organization%20Chart/female.jpg,Corporate,http://example.com/employee/profile,CEO office,"Ceo,tag1, tag2",false,CTO ,O-6153,O-6084,
Fuller Andrew,https://raw.githubusercontent.com/bumbeishvili/Assets/master/Projects/D3/Organization%20Chart/general.jpg,Corporate,http://example.com/employee/profile,CEO office,"Ceo,tag1, tag2",false,Linear Manager,O-6154,O-6084,
Peacock Margaret,https://raw.githubusercontent.com/bumbeishvili/Assets/master/Projects/D3/Organization%20Chart/general.jpg,Corporate,http://example.com/employee/profile,CEO office,"Ceo,tag1, tag2",false,CEO,O-6155,O-6084,
Buchanan Steven,https://raw.githubusercontent.com/bumbeishvili/Assets/master/Projects/D3/Organization%20Chart/general.jpg,Corporate,http://example.com/employee/profile,CEO office,"Ceo,tag1, tag2",false,Head of direction,O-6156,O-6084,
Suyama Michael,https://raw.githubusercontent.com/bumbeishvili/Assets/master/Projects/D3/Organization%20Chart/general.jpg,Corporate,http://example.com/employee/profile,CEO office,"Ceo,tag1, tag2",false,Senior sales manager,O-6157,O-6084,
King Robert,https://raw.githubusercontent.com/bumbeishvili/Assets/master/Projects/D3/Organization%20Chart/general.jpg,Corporate,http://example.com/employee/profile,CEO office,"Ceo,tag1, tag2",false,Senior Sales Manager,O-6158,O-6084,
West Adam,https://raw.githubusercontent.com/bumbeishvili/Assets/master/Projects/D3/Organization%20Chart/general.jpg,Corporate,http://example.com/employee/profile,CEO office,"Ceo,tag1, tag2",false,CTO,O-6159,O-6084,
Charlotte Cooper,https://raw.githubusercontent.com/bumbeishvili/Assets/master/Projects/D3/Organization%20Chart/general.jpg,Corporate,http://example.com/employee/profile,CEO office,"Ceo,tag1, tag2",false,Senior Trader,O-6160,O-6084,
Yoshi Nagase,https://raw.githubusercontent.com/bumbeishvili/Assets/master/Projects/D3/Organization%20Chart/general.jpg,Corporate,http://example.com/employee/profile,CEO office,"Ceo,tag1, tag2",false,Head of laboratory,O-6161,O-6084,
Current User,https://raw.githubusercontent.com/bumbeishvili/Assets/master/Projects/D3/Organization%20Chart/bean.png,Corporate,http://example.com/employee/profile,CEO office,"Ceo,tag1, tag2",false,Web Developer,O-6162,O-6085,
Beate Vileid,https://raw.githubusercontent.com/bumbeishvili/Assets/master/Projects/D3/Organization%20Chart/general.jpg,Corporate,http://example.com/employee/profile,CEO office,"Ceo,tag1, tag2",false,Junior Developer,O-6163,O-6085,
 Lars Peterson,https://raw.githubusercontent.com/bumbeishvili/Assets/master/Projects/D3/Organization%20Chart/general.jpg,Corporate,http://example.com/employee/profile,CEO office,"Ceo,tag1, tag2",false,Anakyst Developer,O-6164,O-6086,
 Petra Winkler,https://raw.githubusercontent.com/bumbeishvili/Assets/master/Projects/D3/Organization%20Chart/general.jpg,Corporate,http://example.com/employee/profile,CEO office,"Ceo,tag1, tag2",false,Android Developer,O-6165,O-6087,
Martin Bein,https://raw.githubusercontent.com/bumbeishvili/Assets/master/Projects/D3/Organization%20Chart/general.jpg,Corporate,http://example.com/employee/profile,CEO office,"Ceo,tag1, tag2",false,Ios Developer,O-6166,O-6087,2023
Current User,https://raw.githubusercontent.com/bumbeishvili/Assets/master/Projects/D3/Organization%20Chart/bean.png,Corporate,http://example.com/employee/profile,CEO office,"Ceo,tag1, tag2",false,Web Developer,O-6167,O-6088,
Beate Vileid,https://raw.githubusercontent.com/bumbeishvili/Assets/master/Projects/D3/Organization%20Chart/general.jpg,Corporate,http://example.com/employee/profile,CEO office,"Ceo,tag1, tag2",false,Junior Developer,O-6168,O-6088,
Peter Wilson,https://raw.githubusercontent.com/bumbeishvili/Assets/master/Projects/D3/Organization%20Chart/general.jpg,Corporate,http://example.com/employee/profile,CEO office,"Ceo,tag1, tag2",false,Head of channels,O-6169,O-6089,
Carlos Diaz,https://raw.githubusercontent.com/bumbeishvili/Assets/master/Projects/D3/Organization%20Chart/general.jpg,Corporate,http://example.com/employee/profile,CEO office,"Ceo,tag1, tag2",false,Senior Android Developer,O-6170,O-6089,
Sven Petersen,https://raw.githubusercontent.com/bumbeishvili/Assets/master/Projects/D3/Organization%20Chart/general.jpg,Corporate,http://example.com/employee/profile,CEO office,"Ceo,tag1, tag2",false,Senior Developer,O-6171,O-6089,
Callahan Laura,https://raw.githubusercontent.com/bumbeishvili/Assets/master/Projects/D3/Organization%20Chart/general.jpg,Corporate,http://example.com/employee/profile,CEO office,"Ceo,tag1, tag2",false,Junior sales manager,O-6172,O-6094,
Dodsworth Anne,https://raw.githubusercontent.com/bumbeishvili/Assets/master/Projects/D3/Organization%20Chart/general.jpg,Corporate,http://example.com/employee/profile,CEO office,"Ceo,tag1, tag2",false,Junior sales manager,O-6173,O-6094,
 Leverling Janet,https://raw.githubusercontent.com/bumbeishvili/Assets/master/Projects/D3/Organization%20Chart/female.jpg,Corporate,http://example.com/employee/profile,CEO office,"Ceo,tag1, tag2",false,CTO ,O-6174,O-6095,
Fuller Andrew,https://raw.githubusercontent.com/bumbeishvili/Assets/master/Projects/D3/Organization%20Chart/general.jpg,Corporate,http://example.com/employee/profile,CEO office,"Ceo,tag1, tag2",false,Linear Manager,O-6175,O-6095,
Peacock Margaret,https://raw.githubusercontent.com/bumbeishvili/Assets/master/Projects/D3/Organization%20Chart/general.jpg,Corporate,http://example.com/employee/profile,CEO office,"Ceo,tag1, tag2",false,CEO,O-6176,O-6095,
Buchanan Steven,https://raw.githubusercontent.com/bumbeishvili/Assets/master/Projects/D3/Organization%20Chart/general.jpg,Corporate,http://example.com/employee/profile,CEO office,"Ceo,tag1, tag2",false,Head of direction,O-6177,O-6095,
Suyama Michael,https://raw.githubusercontent.com/bumbeishvili/Assets/master/Projects/D3/Organization%20Chart/general.jpg,Corporate,http://example.com/employee/profile,CEO office,"Ceo,tag1, tag2",false,Senior sales manager,O-6178,O-6095,
King Robert,https://raw.githubusercontent.com/bumbeishvili/Assets/master/Projects/D3/Organization%20Chart/general.jpg,Corporate,http://example.com/employee/profile,CEO office,"Ceo,tag1, tag2",false,Senior Sales Manager,O-6179,O-6095,
West Adam,https://raw.githubusercontent.com/bumbeishvili/Assets/master/Projects/D3/Organization%20Chart/general.jpg,Corporate,http://example.com/employee/profile,CEO office,"Ceo,tag1, tag2",false,CTO,O-6180,O-6095,
Charlotte Cooper,https://raw.githubusercontent.com/bumbeishvili/Assets/master/Projects/D3/Organization%20Chart/general.jpg,Corporate,http://example.com/employee/profile,CEO office,"Ceo,tag1, tag2",false,Senior Trader,O-6181,O-6095,
Yoshi Nagase,https://raw.githubusercontent.com/bumbeishvili/Assets/master/Projects/D3/Organization%20Chart/general.jpg,Corporate,http://example.com/employee/profile,CEO office,"Ceo,tag1, tag2",false,Head of laboratory,O-6182,O-6095,
 Leverling Janet,https://raw.githubusercontent.com/bumbeishvili/Assets/master/Projects/D3/Organization%20Chart/female.jpg,Corporate,http://example.com/employee/profile,CEO office,"Ceo,tag1, tag2",false,CTO ,O-6183,O-6096,
Fuller Andrew,https://raw.githubusercontent.com/bumbeishvili/Assets/master/Projects/D3/Organization%20Chart/general.jpg,Corporate,http://example.com/employee/profile,CEO office,"Ceo,tag1, tag2",false,Linear Manager,O-6184,O-6096,
Peacock Margaret,https://raw.githubusercontent.com/bumbeishvili/Assets/master/Projects/D3/Organization%20Chart/general.jpg,Corporate,http://example.com/employee/profile,CEO office,"Ceo,tag1, tag2",false,CEO,O-6185,O-6096,
Buchanan Steven,https://raw.githubusercontent.com/bumbeishvili/Assets/master/Projects/D3/Organization%20Chart/general.jpg,Corporate,http://example.com/employee/profile,CEO office,"Ceo,tag1, tag2",false,Head of direction,O-6186,O-6096,
Suyama Michael,https://raw.githubusercontent.com/bumbeishvili/Assets/master/Projects/D3/Organization%20Chart/general.jpg,Corporate,http://example.com/employee/profile,CEO office,"Ceo,tag1, tag2",false,Senior sales manager,O-6187,O-6096,
King Robert,https://raw.githubusercontent.com/bumbeishvili/Assets/master/Projects/D3/Organization%20Chart/general.jpg,Corporate,http://example.com/employee/profile,CEO office,"Ceo,tag1, tag2",false,Senior Sales Manager,O-6188,O-6096,
West Adam,https://raw.githubusercontent.com/bumbeishvili/Assets/master/Projects/D3/Organization%20Chart/general.jpg,Corporate,http://example.com/employee/profile,CEO office,"Ceo,tag1, tag2",false,CTO,O-6189,O-6096,
Charlotte Cooper,https://raw.githubusercontent.com/bumbeishvili/Assets/master/Projects/D3/Organization%20Chart/general.jpg,Corporate,http://example.com/employee/profile,CEO office,"Ceo,tag1, tag2",false,Senior Trader,O-6190,O-6096,
Yoshi Nagase,https://raw.githubusercontent.com/bumbeishvili/Assets/master/Projects/D3/Organization%20Chart/general.jpg,Corporate,http://example.com/employee/profile,CEO office,"Ceo,tag1, tag2",false,Head of laboratory,O-6191,O-6096,
Valle Saavedra,https://raw.githubusercontent.com/bumbeishvili/Assets/master/Projects/D3/Organization%20Chart/general.jpg,Corporate,http://example.com/employee/profile,CEO office,"Ceo,tag1, tag2",false,Junior Inovator,O-6192,O-6097,
Regina Murphy,https://raw.githubusercontent.com/bumbeishvili/Assets/master/Projects/D3/Organization%20Chart/general.jpg,Corporate,http://example.com/employee/profile,CEO office,"Ceo,tag1, tag2",false,Developer,O-6193,O-6097,
Mayumi Ohno,https://raw.githubusercontent.com/bumbeishvili/Assets/master/Projects/D3/Organization%20Chart/general.jpg,Corporate,http://example.com/employee/profile,CEO office,"Ceo,tag1, tag2",false,Senior developer,O-6194,O-6097,
SizePalette,https://raw.githubusercontent.com/bumbeishvili/Assets/master/Projects/D3/Organization%20Chart/general.jpg,Corporate,http://example.com/employee/profile,CEO office,"Ceo,tag1, tag2",false,System analyst,O-6195,O-6097,
Peter Wilson,https://raw.githubusercontent.com/bumbeishvili/Assets/master/Projects/D3/Organization%20Chart/general.jpg,Corporate,http://example.com/employee/profile,CEO office,"Ceo,tag1, tag2",false,Head of channels,O-6196,O-6098,
Carlos Diaz,https://raw.githubusercontent.com/bumbeishvili/Assets/master/Projects/D3/Organization%20Chart/general.jpg,Corporate,http://example.com/employee/profile,CEO office,"Ceo,tag1, tag2",false,Senior Android Developer,O-6197,O-6098,
Sven Petersen,https://raw.githubusercontent.com/bumbeishvili/Assets/master/Projects/D3/Organization%20Chart/general.jpg,Corporate,http://example.com/employee/profile,CEO office,"Ceo,tag1, tag2",false,Senior Developer,O-6198,O-6098,
Callahan Laura,https://raw.githubusercontent.com/bumbeishvili/Assets/master/Projects/D3/Organization%20Chart/general.jpg,Corporate,http://example.com/employee/profile,CEO office,"Ceo,tag1, tag2",false,Junior sales manager,O-6199,O-6103,
Dodsworth Anne,https://raw.githubusercontent.com/bumbeishvili/Assets/master/Projects/D3/Organization%20Chart/general.jpg,Corporate,http://example.com/employee/profile,CEO office,"Ceo,tag1, tag2",false,Junior sales manager,O-6200,O-6103,
 Leverling Janet,https://raw.githubusercontent.com/bumbeishvili/Assets/master/Projects/D3/Organization%20Chart/female.jpg,Corporate,http://example.com/employee/profile,CEO office,"Ceo,tag1, tag2",false,CTO ,O-6201,O-6105,
Fuller Andrew,https://raw.githubusercontent.com/bumbeishvili/Assets/master/Projects/D3/Organization%20Chart/general.jpg,Corporate,http://example.com/employee/profile,CEO office,"Ceo,tag1, tag2",false,Linear Manager,O-6202,O-6105,
Peacock Margaret,https://raw.githubusercontent.com/bumbeishvili/Assets/master/Projects/D3/Organization%20Chart/general.jpg,Corporate,http://example.com/employee/profile,CEO office,"Ceo,tag1, tag2",false,CEO,O-6203,O-6105,
Buchanan Steven,https://raw.githubusercontent.com/bumbeishvili/Assets/master/Projects/D3/Organization%20Chart/general.jpg,Corporate,http://example.com/employee/profile,CEO office,"Ceo,tag1, tag2",false,Head of direction,O-6204,O-6105,
Suyama Michael,https://raw.githubusercontent.com/bumbeishvili/Assets/master/Projects/D3/Organization%20Chart/general.jpg,Corporate,http://example.com/employee/profile,CEO office,"Ceo,tag1, tag2",false,Senior sales manager,O-6205,O-6105,
King Robert,https://raw.githubusercontent.com/bumbeishvili/Assets/master/Projects/D3/Organization%20Chart/general.jpg,Corporate,http://example.com/employee/profile,CEO office,"Ceo,tag1, tag2",false,Senior Sales Manager,O-6206,O-6105,
West Adam,https://raw.githubusercontent.com/bumbeishvili/Assets/master/Projects/D3/Organization%20Chart/general.jpg,Corporate,http://example.com/employee/profile,CEO office,"Ceo,tag1, tag2",false,CTO,O-6207,O-6105,
Charlotte Cooper,https://raw.githubusercontent.com/bumbeishvili/Assets/master/Projects/D3/Organization%20Chart/general.jpg,Corporate,http://example.com/employee/profile,CEO office,"Ceo,tag1, tag2",false,Senior Trader,O-6208,O-6105,
Yoshi Nagase,https://raw.githubusercontent.com/bumbeishvili/Assets/master/Projects/D3/Organization%20Chart/general.jpg,Corporate,http://example.com/employee/profile,CEO office,"Ceo,tag1, tag2",false,Head of laboratory,O-6209,O-6105,
Valle Saavedra,https://raw.githubusercontent.com/bumbeishvili/Assets/master/Projects/D3/Organization%20Chart/general.jpg,Corporate,http://example.com/employee/profile,CEO office,"Ceo,tag1, tag2",false,Junior Inovator,O-6210,O-6106,
Regina Murphy,https://raw.githubusercontent.com/bumbeishvili/Assets/master/Projects/D3/Organization%20Chart/general.jpg,Corporate,http://example.com/employee/profile,CEO office,"Ceo,tag1, tag2",false,Developer,O-6211,O-6106,
Mayumi Ohno,https://raw.githubusercontent.com/bumbeishvili/Assets/master/Projects/D3/Organization%20Chart/general.jpg,Corporate,http://example.com/employee/profile,CEO office,"Ceo,tag1, tag2",false,Senior developer,O-6212,O-6106,
SizePalette,https://raw.githubusercontent.com/bumbeishvili/Assets/master/Projects/D3/Organization%20Chart/general.jpg,Corporate,http://example.com/employee/profile,CEO office,"Ceo,tag1, tag2",false,System analyst,O-6213,O-6106,
Peter Wilson,https://raw.githubusercontent.com/bumbeishvili/Assets/master/Projects/D3/Organization%20Chart/general.jpg,Corporate,http://example.com/employee/profile,CEO office,"Ceo,tag1, tag2",false,Head of channels,O-6214,O-6107,
Carlos Diaz,https://raw.githubusercontent.com/bumbeishvili/Assets/master/Projects/D3/Organization%20Chart/general.jpg,Corporate,http://example.com/employee/profile,CEO office,"Ceo,tag1, tag2",false,Senior Android Developer,O-6215,O-6107,
Sven Petersen,https://raw.githubusercontent.com/bumbeishvili/Assets/master/Projects/D3/Organization%20Chart/general.jpg,Corporate,http://example.com/employee/profile,CEO office,"Ceo,tag1, tag2",false,Senior Developer,O-6216,O-6107,
Callahan Laura,https://raw.githubusercontent.com/bumbeishvili/Assets/master/Projects/D3/Organization%20Chart/general.jpg,Corporate,http://example.com/employee/profile,CEO office,"Ceo,tag1, tag2",false,Junior sales manager,O-6217,O-6112,
Dodsworth Anne,https://raw.githubusercontent.com/bumbeishvili/Assets/master/Projects/D3/Organization%20Chart/general.jpg,Corporate,http://example.com/employee/profile,CEO office,"Ceo,tag1, tag2",false,Junior sales manager,O-6218,O-6112,
Shelley Burke,https://raw.githubusercontent.com/bumbeishvili/Assets/master/Projects/D3/Organization%20Chart/general.jpg,Corporate,http://example.com/employee/profile,CEO office,"Ceo,tag1, tag2",false,Intern,O-6219,O-6114,
Valle Saavedra,https://raw.githubusercontent.com/bumbeishvili/Assets/master/Projects/D3/Organization%20Chart/general.jpg,Corporate,http://example.com/employee/profile,CEO office,"Ceo,tag1, tag2",false,Junior Inovator,O-6220,O-6115,
Regina Murphy,https://raw.githubusercontent.com/bumbeishvili/Assets/master/Projects/D3/Organization%20Chart/general.jpg,Corporate,http://example.com/employee/profile,CEO office,"Ceo,tag1, tag2",false,Developer,O-6221,O-6115,
Mayumi Ohno,https://raw.githubusercontent.com/bumbeishvili/Assets/master/Projects/D3/Organization%20Chart/general.jpg,Corporate,http://example.com/employee/profile,CEO office,"Ceo,tag1, tag2",false,Senior developer,O-6222,O-6115,
SizePalette,https://raw.githubusercontent.com/bumbeishvili/Assets/master/Projects/D3/Organization%20Chart/general.jpg,Corporate,http://example.com/employee/profile,CEO office,"Ceo,tag1, tag2",false,System analyst,O-6223,O-6115,
 Leverling Janet,https://raw.githubusercontent.com/bumbeishvili/Assets/master/Projects/D3/Organization%20Chart/female.jpg,Corporate,http://example.com/employee/profile,CEO office,"Ceo,tag1, tag2",false,CTO ,O-6224,O-6116,
Fuller Andrew,https://raw.githubusercontent.com/bumbeishvili/Assets/master/Projects/D3/Organization%20Chart/general.jpg,Corporate,http://example.com/employee/profile,CEO office,"Ceo,tag1, tag2",false,Linear Manager,O-6225,O-6116,
Peacock Margaret,https://raw.githubusercontent.com/bumbeishvili/Assets/master/Projects/D3/Organization%20Chart/general.jpg,Corporate,http://example.com/employee/profile,CEO office,"Ceo,tag1, tag2",false,CEO,O-6226,O-6116,
Buchanan Steven,https://raw.githubusercontent.com/bumbeishvili/Assets/master/Projects/D3/Organization%20Chart/general.jpg,Corporate,http://example.com/employee/profile,CEO office,"Ceo,tag1, tag2",false,Head of direction,O-6227,O-6116,
Suyama Michael,https://raw.githubusercontent.com/bumbeishvili/Assets/master/Projects/D3/Organization%20Chart/general.jpg,Corporate,http://example.com/employee/profile,CEO office,"Ceo,tag1, tag2",false,Senior sales manager,O-6228,O-6116,
King Robert,https://raw.githubusercontent.com/bumbeishvili/Assets/master/Projects/D3/Organization%20Chart/general.jpg,Corporate,http://example.com/employee/profile,CEO office,"Ceo,tag1, tag2",false,Senior Sales Manager,O-6229,O-6116,
West Adam,https://raw.githubusercontent.com/bumbeishvili/Assets/master/Projects/D3/Organization%20Chart/general.jpg,Corporate,http://example.com/employee/profile,CEO office,"Ceo,tag1, tag2",false,CTO,O-6230,O-6116,
Charlotte Cooper,https://raw.githubusercontent.com/bumbeishvili/Assets/master/Projects/D3/Organization%20Chart/general.jpg,Corporate,http://example.com/employee/profile,CEO office,"Ceo,tag1, tag2",false,Senior Trader,O-6231,O-6116,
Yoshi Nagase,https://raw.githubusercontent.com/bumbeishvili/Assets/master/Projects/D3/Organization%20Chart/general.jpg,Corporate,http://example.com/employee/profile,CEO office,"Ceo,tag1, tag2",false,Head of laboratory,O-6232,O-6116,
 Leverling Janet,https://raw.githubusercontent.com/bumbeishvili/Assets/master/Projects/D3/Organization%20Chart/female.jpg,Corporate,http://example.com/employee/profile,CEO office,"Ceo,tag1, tag2",false,CTO ,O-6233,O-6117,
Fuller Andrew,https://raw.githubusercontent.com/bumbeishvili/Assets/master/Projects/D3/Organization%20Chart/general.jpg,Corporate,http://example.com/employee/profile,CEO office,"Ceo,tag1, tag2",false,Linear Manager,O-6234,O-6117,
Peacock Margaret,https://raw.githubusercontent.com/bumbeishvili/Assets/master/Projects/D3/Organization%20Chart/general.jpg,Corporate,http://example.com/employee/profile,CEO office,"Ceo,tag1, tag2",false,CEO,O-6235,O-6117,
Buchanan Steven,https://raw.githubusercontent.com/bumbeishvili/Assets/master/Projects/D3/Organization%20Chart/general.jpg,Corporate,http://example.com/employee/profile,CEO office,"Ceo,tag1, tag2",false,Head of direction,O-6236,O-6117,
Suyama Michael,https://raw.githubusercontent.com/bumbeishvili/Assets/master/Projects/D3/Organization%20Chart/general.jpg,Corporate,http://example.com/employee/profile,CEO office,"Ceo,tag1, tag2",false,Senior sales manager,O-6237,O-6117,
King Robert,https://raw.githubusercontent.com/bumbeishvili/Assets/master/Projects/D3/Organization%20Chart/general.jpg,Corporate,http://example.com/employee/profile,CEO office,"Ceo,tag1, tag2",false,Senior Sales Manager,O-6238,O-6117,
West Adam,https://raw.githubusercontent.com/bumbeishvili/Assets/master/Projects/D3/Organization%20Chart/general.jpg,Corporate,http://example.com/employee/profile,CEO office,"Ceo,tag1, tag2",false,CTO,O-6239,O-6117,
Charlotte Cooper,https://raw.githubusercontent.com/bumbeishvili/Assets/master/Projects/D3/Organization%20Chart/general.jpg,Corporate,http://example.com/employee/profile,CEO office,"Ceo,tag1, tag2",false,Senior Trader,O-6240,O-6117,
Yoshi Nagase,https://raw.githubusercontent.com/bumbeishvili/Assets/master/Projects/D3/Organization%20Chart/general.jpg,Corporate,http://example.com/employee/profile,CEO office,"Ceo,tag1, tag2",false,Head of laboratory,O-6241,O-6117,
 Leverling Janet,https://raw.githubusercontent.com/bumbeishvili/Assets/master/Projects/D3/Organization%20Chart/female.jpg,Corporate,http://example.com/employee/profile,CEO office,"Ceo,tag1, tag2",false,CTO ,O-6242,O-6118,
Fuller Andrew,https://raw.githubusercontent.com/bumbeishvili/Assets/master/Projects/D3/Organization%20Chart/general.jpg,Corporate,http://example.com/employee/profile,CEO office,"Ceo,tag1, tag2",false,Linear Manager,O-6243,O-6118,
Peacock Margaret,https://raw.githubusercontent.com/bumbeishvili/Assets/master/Projects/D3/Organization%20Chart/general.jpg,Corporate,http://example.com/employee/profile,CEO office,"Ceo,tag1, tag2",false,CEO,O-6244,O-6118,
Buchanan Steven,https://raw.githubusercontent.com/bumbeishvili/Assets/master/Projects/D3/Organization%20Chart/general.jpg,Corporate,http://example.com/employee/profile,CEO office,"Ceo,tag1, tag2",false,Head of direction,O-6245,O-6118,
Suyama Michael,https://raw.githubusercontent.com/bumbeishvili/Assets/master/Projects/D3/Organization%20Chart/general.jpg,Corporate,http://example.com/employee/profile,CEO office,"Ceo,tag1, tag2",false,Senior sales manager,O-6246,O-6118,
King Robert,https://raw.githubusercontent.com/bumbeishvili/Assets/master/Projects/D3/Organization%20Chart/general.jpg,Corporate,http://example.com/employee/profile,CEO office,"Ceo,tag1, tag2",false,Senior Sales Manager,O-6247,O-6118,
West Adam,https://raw.githubusercontent.com/bumbeishvili/Assets/master/Projects/D3/Organization%20Chart/general.jpg,Corporate,http://example.com/employee/profile,CEO office,"Ceo,tag1, tag2",false,CTO,O-6248,O-6118,
Charlotte Cooper,https://raw.githubusercontent.com/bumbeishvili/Assets/master/Projects/D3/Organization%20Chart/general.jpg,Corporate,http://example.com/employee/profile,CEO office,"Ceo,tag1, tag2",false,Senior Trader,O-6249,O-6118,
Yoshi Nagase,https://raw.githubusercontent.com/bumbeishvili/Assets/master/Projects/D3/Organization%20Chart/general.jpg,Corporate,http://example.com/employee/profile,CEO office,"Ceo,tag1, tag2",false,Head of laboratory,O-6250,O-6118,
Callahan Laura,https://raw.githubusercontent.com/bumbeishvili/Assets/master/Projects/D3/Organization%20Chart/general.jpg,Corporate,http://example.com/employee/profile,CEO office,"Ceo,tag1, tag2",false,Junior sales manager,O-6251,O-6121,
Dodsworth Anne,https://raw.githubusercontent.com/bumbeishvili/Assets/master/Projects/D3/Organization%20Chart/general.jpg,Corporate,http://example.com/employee/profile,CEO office,"Ceo,tag1, tag2",false,Junior sales manager,O-6252,O-6121,
Shelley Burke,https://raw.githubusercontent.com/bumbeishvili/Assets/master/Projects/D3/Organization%20Chart/general.jpg,Corporate,http://example.com/employee/profile,CEO office,"Ceo,tag1, tag2",false,Intern,O-6253,O-6123,
Valle Saavedra,https://raw.githubusercontent.com/bumbeishvili/Assets/master/Projects/D3/Organization%20Chart/general.jpg,Corporate,http://example.com/employee/profile,CEO office,"Ceo,tag1, tag2",false,Junior Inovator,O-6254,O-6124,
Regina Murphy,https://raw.githubusercontent.com/bumbeishvili/Assets/master/Projects/D3/Organization%20Chart/general.jpg,Corporate,http://example.com/employee/profile,CEO office,"Ceo,tag1, tag2",false,Developer,O-6255,O-6124,
Mayumi Ohno,https://raw.githubusercontent.com/bumbeishvili/Assets/master/Projects/D3/Organization%20Chart/general.jpg,Corporate,http://example.com/employee/profile,CEO office,"Ceo,tag1, tag2",false,Senior developer,O-6256,O-6124,
SizePalette,https://raw.githubusercontent.com/bumbeishvili/Assets/master/Projects/D3/Organization%20Chart/general.jpg,Corporate,http://example.com/employee/profile,CEO office,"Ceo,tag1, tag2",false,System analyst,O-6257,O-6124,
 Leverling Janet,https://raw.githubusercontent.com/bumbeishvili/Assets/master/Projects/D3/Organization%20Chart/female.jpg,Corporate,http://example.com/employee/profile,CEO office,"Ceo,tag1, tag2",false,CTO ,O-6258,O-6125,
Fuller Andrew,https://raw.githubusercontent.com/bumbeishvili/Assets/master/Projects/D3/Organization%20Chart/general.jpg,Corporate,http://example.com/employee/profile,CEO office,"Ceo,tag1, tag2",false,Linear Manager,O-6259,O-6125,
Peacock Margaret,https://raw.githubusercontent.com/bumbeishvili/Assets/master/Projects/D3/Organization%20Chart/general.jpg,Corporate,http://example.com/employee/profile,CEO office,"Ceo,tag1, tag2",false,CEO,O-6260,O-6125,
Buchanan Steven,https://raw.githubusercontent.com/bumbeishvili/Assets/master/Projects/D3/Organization%20Chart/general.jpg,Corporate,http://example.com/employee/profile,CEO office,"Ceo,tag1, tag2",false,Head of direction,O-6261,O-6125,
Suyama Michael,https://raw.githubusercontent.com/bumbeishvili/Assets/master/Projects/D3/Organization%20Chart/general.jpg,Corporate,http://example.com/employee/profile,CEO office,"Ceo,tag1, tag2",false,Senior sales manager,O-6262,O-6125,
King Robert,https://raw.githubusercontent.com/bumbeishvili/Assets/master/Projects/D3/Organization%20Chart/general.jpg,Corporate,http://example.com/employee/profile,CEO office,"Ceo,tag1, tag2",false,Senior Sales Manager,O-6263,O-6125,
West Adam,https://raw.githubusercontent.com/bumbeishvili/Assets/master/Projects/D3/Organization%20Chart/general.jpg,Corporate,http://example.com/employee/profile,CEO office,"Ceo,tag1, tag2",false,CTO,O-6264,O-6125,
Charlotte Cooper,https://raw.githubusercontent.com/bumbeishvili/Assets/master/Projects/D3/Organization%20Chart/general.jpg,Corporate,http://example.com/employee/profile,CEO office,"Ceo,tag1, tag2",false,Senior Trader,O-6265,O-6125,
Yoshi Nagase,https://raw.githubusercontent.com/bumbeishvili/Assets/master/Projects/D3/Organization%20Chart/general.jpg,Corporate,http://example.com/employee/profile,CEO office,"Ceo,tag1, tag2",false,Head of laboratory,O-6266,O-6125,
 Leverling Janet,https://raw.githubusercontent.com/bumbeishvili/Assets/master/Projects/D3/Organization%20Chart/female.jpg,Corporate,http://example.com/employee/profile,CEO office,"Ceo,tag1, tag2",false,CTO ,O-6267,O-6127,
Fuller Andrew,https://raw.githubusercontent.com/bumbeishvili/Assets/master/Projects/D3/Organization%20Chart/general.jpg,Corporate,http://example.com/employee/profile,CEO office,"Ceo,tag1, tag2",false,Linear Manager,O-6268,O-6127,
Peacock Margaret,https://raw.githubusercontent.com/bumbeishvili/Assets/master/Projects/D3/Organization%20Chart/general.jpg,Corporate,http://example.com/employee/profile,CEO office,"Ceo,tag1, tag2",false,CEO,O-6269,O-6127,
Buchanan Steven,https://raw.githubusercontent.com/bumbeishvili/Assets/master/Projects/D3/Organization%20Chart/general.jpg,Corporate,http://example.com/employee/profile,CEO office,"Ceo,tag1, tag2",false,Head of direction,O-6270,O-6127,
Suyama Michael,https://raw.githubusercontent.com/bumbeishvili/Assets/master/Projects/D3/Organization%20Chart/general.jpg,Corporate,http://example.com/employee/profile,CEO office,"Ceo,tag1, tag2",false,Senior sales manager,O-6271,O-6127,
King Robert,https://raw.githubusercontent.com/bumbeishvili/Assets/master/Projects/D3/Organization%20Chart/general.jpg,Corporate,http://example.com/employee/profile,CEO office,"Ceo,tag1, tag2",false,Senior Sales Manager,O-6272,O-6127,
West Adam,https://raw.githubusercontent.com/bumbeishvili/Assets/master/Projects/D3/Organization%20Chart/general.jpg,Corporate,http://example.com/employee/profile,CEO office,"Ceo,tag1, tag2",false,CTO,O-6273,O-6127,
Charlotte Cooper,https://raw.githubusercontent.com/bumbeishvili/Assets/master/Projects/D3/Organization%20Chart/general.jpg,Corporate,http://example.com/employee/profile,CEO office,"Ceo,tag1, tag2",false,Senior Trader,O-6274,O-6127,
Yoshi Nagase,https://raw.githubusercontent.com/bumbeishvili/Assets/master/Projects/D3/Organization%20Chart/general.jpg,Corporate,http://example.com/employee/profile,CEO office,"Ceo,tag1, tag2",false,Head of laboratory,O-6275,O-6127,
 Leverling Janet,https://raw.githubusercontent.com/bumbeishvili/Assets/master/Projects/D3/Organization%20Chart/female.jpg,Corporate,http://example.com/employee/profile,CEO office,"Ceo,tag1, tag2",false,CTO ,O-6276,O-6132,
Fuller Andrew,https://raw.githubusercontent.com/bumbeishvili/Assets/master/Projects/D3/Organization%20Chart/general.jpg,Corporate,http://example.com/employee/profile,CEO office,"Ceo,tag1, tag2",false,Linear Manager,O-6277,O-6132,
Peacock Margaret,https://raw.githubusercontent.com/bumbeishvili/Assets/master/Projects/D3/Organization%20Chart/general.jpg,Corporate,http://example.com/employee/profile,CEO office,"Ceo,tag1, tag2",false,CEO,O-6278,O-6132,
Buchanan Steven,https://raw.githubusercontent.com/bumbeishvili/Assets/master/Projects/D3/Organization%20Chart/general.jpg,Corporate,http://example.com/employee/profile,CEO office,"Ceo,tag1, tag2",false,Head of direction,O-6279,O-6132,
Suyama Michael,https://raw.githubusercontent.com/bumbeishvili/Assets/master/Projects/D3/Organization%20Chart/general.jpg,Corporate,http://example.com/employee/profile,CEO office,"Ceo,tag1, tag2",false,Senior sales manager,O-6280,O-6132,
King Robert,https://raw.githubusercontent.com/bumbeishvili/Assets/master/Projects/D3/Organization%20Chart/general.jpg,Corporate,http://example.com/employee/profile,CEO office,"Ceo,tag1, tag2",false,Senior Sales Manager,O-6281,O-6132,
West Adam,https://raw.githubusercontent.com/bumbeishvili/Assets/master/Projects/D3/Organization%20Chart/general.jpg,Corporate,http://example.com/employee/profile,CEO office,"Ceo,tag1, tag2",false,CTO,O-6282,O-6132,
Charlotte Cooper,https://raw.githubusercontent.com/bumbeishvili/Assets/master/Projects/D3/Organization%20Chart/general.jpg,Corporate,http://example.com/employee/profile,CEO office,"Ceo,tag1, tag2",false,Senior Trader,O-6283,O-6132,
Yoshi Nagase,https://raw.githubusercontent.com/bumbeishvili/Assets/master/Projects/D3/Organization%20Chart/general.jpg,Corporate,http://example.com/employee/profile,CEO office,"Ceo,tag1, tag2",false,Head of laboratory,O-6284,O-6132,
 Leverling Janet,https://raw.githubusercontent.com/bumbeishvili/Assets/master/Projects/D3/Organization%20Chart/female.jpg,Corporate,http://example.com/employee/profile,CEO office,"Ceo,tag1, tag2",false,CTO ,O-6285,O-6133,
Fuller Andrew,https://raw.githubusercontent.com/bumbeishvili/Assets/master/Projects/D3/Organization%20Chart/general.jpg,Corporate,http://example.com/employee/profile,CEO office,"Ceo,tag1, tag2",false,Linear Manager,O-6286,O-6133,
Peacock Margaret,https://raw.githubusercontent.com/bumbeishvili/Assets/master/Projects/D3/Organization%20Chart/general.jpg,Corporate,http://example.com/employee/profile,CEO office,"Ceo,tag1, tag2",false,CEO,O-6287,O-6133,
Buchanan Steven,https://raw.githubusercontent.com/bumbeishvili/Assets/master/Projects/D3/Organization%20Chart/general.jpg,Corporate,http://example.com/employee/profile,CEO office,"Ceo,tag1, tag2",false,Head of direction,O-6288,O-6133,
Suyama Michael,https://raw.githubusercontent.com/bumbeishvili/Assets/master/Projects/D3/Organization%20Chart/general.jpg,Corporate,http://example.com/employee/profile,CEO office,"Ceo,tag1, tag2",false,Senior sales manager,O-6289,O-6133,
King Robert,https://raw.githubusercontent.com/bumbeishvili/Assets/master/Projects/D3/Organization%20Chart/general.jpg,Corporate,http://example.com/employee/profile,CEO office,"Ceo,tag1, tag2",false,Senior Sales Manager,O-6290,O-6133,
West Adam,https://raw.githubusercontent.com/bumbeishvili/Assets/master/Projects/D3/Organization%20Chart/general.jpg,Corporate,http://example.com/employee/profile,CEO office,"Ceo,tag1, tag2",false,CTO,O-6291,O-6133,
Charlotte Cooper,https://raw.githubusercontent.com/bumbeishvili/Assets/master/Projects/D3/Organization%20Chart/general.jpg,Corporate,http://example.com/employee/profile,CEO office,"Ceo,tag1, tag2",false,Senior Trader,O-6292,O-6133,
Yoshi Nagase,https://raw.githubusercontent.com/bumbeishvili/Assets/master/Projects/D3/Organization%20Chart/general.jpg,Corporate,http://example.com/employee/profile,CEO office,"Ceo,tag1, tag2",false,Head of laboratory,O-6293,O-6133,
 Leverling Janet,https://raw.githubusercontent.com/bumbeishvili/Assets/master/Projects/D3/Organization%20Chart/female.jpg,Corporate,http://example.com/employee/profile,CEO office,"Ceo,tag1, tag2",false,CTO ,O-6294,O-6134,
Fuller Andrew,https://raw.githubusercontent.com/bumbeishvili/Assets/master/Projects/D3/Organization%20Chart/general.jpg,Corporate,http://example.com/employee/profile,CEO office,"Ceo,tag1, tag2",false,Linear Manager,O-6295,O-6134,
Peacock Margaret,https://raw.githubusercontent.com/bumbeishvili/Assets/master/Projects/D3/Organization%20Chart/general.jpg,Corporate,http://example.com/employee/profile,CEO office,"Ceo,tag1, tag2",false,CEO,O-6296,O-6134,
Buchanan Steven,https://raw.githubusercontent.com/bumbeishvili/Assets/master/Projects/D3/Organization%20Chart/general.jpg,Corporate,http://example.com/employee/profile,CEO office,"Ceo,tag1, tag2",false,Head of direction,O-6297,O-6134,
Suyama Michael,https://raw.githubusercontent.com/bumbeishvili/Assets/master/Projects/D3/Organization%20Chart/general.jpg,Corporate,http://example.com/employee/profile,CEO office,"Ceo,tag1, tag2",false,Senior sales manager,O-6298,O-6134,
King Robert,https://raw.githubusercontent.com/bumbeishvili/Assets/master/Projects/D3/Organization%20Chart/general.jpg,Corporate,http://example.com/employee/profile,CEO office,"Ceo,tag1, tag2",false,Senior Sales Manager,O-6299,O-6134,
West Adam,https://raw.githubusercontent.com/bumbeishvili/Assets/master/Projects/D3/Organization%20Chart/general.jpg,Corporate,http://example.com/employee/profile,CEO office,"Ceo,tag1, tag2",false,CTO,O-6300,O-6134,
Charlotte Cooper,https://raw.githubusercontent.com/bumbeishvili/Assets/master/Projects/D3/Organization%20Chart/general.jpg,Corporate,http://example.com/employee/profile,CEO office,"Ceo,tag1, tag2",false,Senior Trader,O-6301,O-6134,
Yoshi Nagase,https://raw.githubusercontent.com/bumbeishvili/Assets/master/Projects/D3/Organization%20Chart/general.jpg,Corporate,http://example.com/employee/profile,CEO office,"Ceo,tag1, tag2",false,Head of laboratory,O-6302,O-6134,
Callahan Laura,https://raw.githubusercontent.com/bumbeishvili/Assets/master/Projects/D3/Organization%20Chart/general.jpg,Corporate,http://example.com/employee/profile,CEO office,"Ceo,tag1, tag2",false,Junior sales manager,O-6303,O-6137,
Dodsworth Anne,https://raw.githubusercontent.com/bumbeishvili/Assets/master/Projects/D3/Organization%20Chart/general.jpg,Corporate,http://example.com/employee/profile,CEO office,"Ceo,tag1, tag2",false,Junior sales manager,O-6304,O-6137,
Shelley Burke,https://raw.githubusercontent.com/bumbeishvili/Assets/master/Projects/D3/Organization%20Chart/general.jpg,Corporate,http://example.com/employee/profile,CEO office,"Ceo,tag1, tag2",false,Intern,O-6305,O-6139,
Valle Saavedra,https://raw.githubusercontent.com/bumbeishvili/Assets/master/Projects/D3/Organization%20Chart/general.jpg,Corporate,http://example.com/employee/profile,CEO office,"Ceo,tag1, tag2",false,Junior Inovator,O-6306,O-6140,
Regina Murphy,https://raw.githubusercontent.com/bumbeishvili/Assets/master/Projects/D3/Organization%20Chart/general.jpg,Corporate,http://example.com/employee/profile,CEO office,"Ceo,tag1, tag2",false,Developer,O-6307,O-6140,
Mayumi Ohno,https://raw.githubusercontent.com/bumbeishvili/Assets/master/Projects/D3/Organization%20Chart/general.jpg,Corporate,http://example.com/employee/profile,CEO office,"Ceo,tag1, tag2",false,Senior developer,O-6308,O-6140,
SizePalette,https://raw.githubusercontent.com/bumbeishvili/Assets/master/Projects/D3/Organization%20Chart/general.jpg,Corporate,http://example.com/employee/profile,CEO office,"Ceo,tag1, tag2",false,System analyst,O-6309,O-6140,
 Leverling Janet,https://raw.githubusercontent.com/bumbeishvili/Assets/master/Projects/D3/Organization%20Chart/female.jpg,Corporate,http://example.com/employee/profile,CEO office,"Ceo,tag1, tag2",false,CTO ,O-6310,O-6141,
Fuller Andrew,https://raw.githubusercontent.com/bumbeishvili/Assets/master/Projects/D3/Organization%20Chart/general.jpg,Corporate,http://example.com/employee/profile,CEO office,"Ceo,tag1, tag2",false,Linear Manager,O-6311,O-6141,
Peacock Margaret,https://raw.githubusercontent.com/bumbeishvili/Assets/master/Projects/D3/Organization%20Chart/general.jpg,Corporate,http://example.com/employee/profile,CEO office,"Ceo,tag1, tag2",false,CEO,O-6312,O-6141,
Buchanan Steven,https://raw.githubusercontent.com/bumbeishvili/Assets/master/Projects/D3/Organization%20Chart/general.jpg,Corporate,http://example.com/employee/profile,CEO office,"Ceo,tag1, tag2",false,Head of direction,O-6313,O-6141,
Suyama Michael,https://raw.githubusercontent.com/bumbeishvili/Assets/master/Projects/D3/Organization%20Chart/general.jpg,Corporate,http://example.com/employee/profile,CEO office,"Ceo,tag1, tag2",false,Senior sales manager,O-6314,O-6141,
King Robert,https://raw.githubusercontent.com/bumbeishvili/Assets/master/Projects/D3/Organization%20Chart/general.jpg,Corporate,http://example.com/employee/profile,CEO office,"Ceo,tag1, tag2",false,Senior Sales Manager,O-6315,O-6141,
West Adam,https://raw.githubusercontent.com/bumbeishvili/Assets/master/Projects/D3/Organization%20Chart/general.jpg,Corporate,http://example.com/employee/profile,CEO office,"Ceo,tag1, tag2",false,CTO,O-6316,O-6141,
Charlotte Cooper,https://raw.githubusercontent.com/bumbeishvili/Assets/master/Projects/D3/Organization%20Chart/general.jpg,Corporate,http://example.com/employee/profile,CEO office,"Ceo,tag1, tag2",false,Senior Trader,O-6317,O-6141,
Yoshi Nagase,https://raw.githubusercontent.com/bumbeishvili/Assets/master/Projects/D3/Organization%20Chart/general.jpg,Corporate,http://example.com/employee/profile,CEO office,"Ceo,tag1, tag2",false,Head of laboratory,O-6318,O-6141,
 Leverling Janet,https://raw.githubusercontent.com/bumbeishvili/Assets/master/Projects/D3/Organization%20Chart/female.jpg,Corporate,http://example.com/employee/profile,CEO office,"Ceo,tag1, tag2",false,CTO ,O-6319,O-6142,
Fuller Andrew,https://raw.githubusercontent.com/bumbeishvili/Assets/master/Projects/D3/Organization%20Chart/general.jpg,Corporate,http://example.com/employee/profile,CEO office,"Ceo,tag1, tag2",false,Linear Manager,O-6320,O-6142,
Peacock Margaret,https://raw.githubusercontent.com/bumbeishvili/Assets/master/Projects/D3/Organization%20Chart/general.jpg,Corporate,http://example.com/employee/profile,CEO office,"Ceo,tag1, tag2",false,CEO,O-6321,O-6142,
Buchanan Steven,https://raw.githubusercontent.com/bumbeishvili/Assets/master/Projects/D3/Organization%20Chart/general.jpg,Corporate,http://example.com/employee/profile,CEO office,"Ceo,tag1, tag2",false,Head of direction,O-6322,O-6142,
Suyama Michael,https://raw.githubusercontent.com/bumbeishvili/Assets/master/Projects/D3/Organization%20Chart/general.jpg,Corporate,http://example.com/employee/profile,CEO office,"Ceo,tag1, tag2",false,Senior sales manager,O-6323,O-6142,
King Robert,https://raw.githubusercontent.com/bumbeishvili/Assets/master/Projects/D3/Organization%20Chart/general.jpg,Corporate,http://example.com/employee/profile,CEO office,"Ceo,tag1, tag2",false,Senior Sales Manager,O-6324,O-6142,
West Adam,https://raw.githubusercontent.com/bumbeishvili/Assets/master/Projects/D3/Organization%20Chart/general.jpg,Corporate,http://example.com/employee/profile,CEO office,"Ceo,tag1, tag2",false,CTO,O-6325,O-6142,
Charlotte Cooper,https://raw.githubusercontent.com/bumbeishvili/Assets/master/Projects/D3/Organization%20Chart/general.jpg,Corporate,http://example.com/employee/profile,CEO office,"Ceo,tag1, tag2",false,Senior Trader,O-6326,O-6142,
Yoshi Nagase,https://raw.githubusercontent.com/bumbeishvili/Assets/master/Projects/D3/Organization%20Chart/general.jpg,Corporate,http://example.com/employee/profile,CEO office,"Ceo,tag1, tag2",false,Head of laboratory,O-6327,O-6142,
 Leverling Janet,https://raw.githubusercontent.com/bumbeishvili/Assets/master/Projects/D3/Organization%20Chart/female.jpg,Corporate,http://example.com/employee/profile,CEO office,"Ceo,tag1, tag2",false,CTO ,O-6328,O-6143,
Fuller Andrew,https://raw.githubusercontent.com/bumbeishvili/Assets/master/Projects/D3/Organization%20Chart/general.jpg,Corporate,http://example.com/employee/profile,CEO office,"Ceo,tag1, tag2",false,Linear Manager,O-6329,O-6143,
Peacock Margaret,https://raw.githubusercontent.com/bumbeishvili/Assets/master/Projects/D3/Organization%20Chart/general.jpg,Corporate,http://example.com/employee/profile,CEO office,"Ceo,tag1, tag2",false,CEO,O-6330,O-6143,
Buchanan Steven,https://raw.githubusercontent.com/bumbeishvili/Assets/master/Projects/D3/Organization%20Chart/general.jpg,Corporate,http://example.com/employee/profile,CEO office,"Ceo,tag1, tag2",false,Head of direction,O-6331,O-6143,
Suyama Michael,https://raw.githubusercontent.com/bumbeishvili/Assets/master/Projects/D3/Organization%20Chart/general.jpg,Corporate,http://example.com/employee/profile,CEO office,"Ceo,tag1, tag2",false,Senior sales manager,O-6332,O-6143,
King Robert,https://raw.githubusercontent.com/bumbeishvili/Assets/master/Projects/D3/Organization%20Chart/general.jpg,Corporate,http://example.com/employee/profile,CEO office,"Ceo,tag1, tag2",false,Senior Sales Manager,O-6333,O-6143,
West Adam,https://raw.githubusercontent.com/bumbeishvili/Assets/master/Projects/D3/Organization%20Chart/general.jpg,Corporate,http://example.com/employee/profile,CEO office,"Ceo,tag1, tag2",false,CTO,O-6334,O-6143,
Charlotte Cooper,https://raw.githubusercontent.com/bumbeishvili/Assets/master/Projects/D3/Organization%20Chart/general.jpg,Corporate,http://example.com/employee/profile,CEO office,"Ceo,tag1, tag2",false,Senior Trader,O-6335,O-6143,
Yoshi Nagase,https://raw.githubusercontent.com/bumbeishvili/Assets/master/Projects/D3/Organization%20Chart/general.jpg,Corporate,http://example.com/employee/profile,CEO office,"Ceo,tag1, tag2",false,Head of laboratory,O-6336,O-6143,
Callahan Laura,https://raw.githubusercontent.com/bumbeishvili/Assets/master/Projects/D3/Organization%20Chart/general.jpg,Corporate,http://example.com/employee/profile,CEO office,"Ceo,tag1, tag2",false,Junior sales manager,O-6337,O-6146,
Dodsworth Anne,https://raw.githubusercontent.com/bumbeishvili/Assets/master/Projects/D3/Organization%20Chart/general.jpg,Corporate,http://example.com/employee/profile,CEO office,"Ceo,tag1, tag2",false,Junior sales manager,O-6338,O-6146,
Shelley Burke,https://raw.githubusercontent.com/bumbeishvili/Assets/master/Projects/D3/Organization%20Chart/general.jpg,Corporate,http://example.com/employee/profile,CEO office,"Ceo,tag1, tag2",false,Intern,O-6339,O-6148,
Valle Saavedra,https://raw.githubusercontent.com/bumbeishvili/Assets/master/Projects/D3/Organization%20Chart/general.jpg,Corporate,http://example.com/employee/profile,CEO office,"Ceo,tag1, tag2",false,Junior Inovator,O-6340,O-6149,
Regina Murphy,https://raw.githubusercontent.com/bumbeishvili/Assets/master/Projects/D3/Organization%20Chart/general.jpg,Corporate,http://example.com/employee/profile,CEO office,"Ceo,tag1, tag2",false,Developer,O-6341,O-6149,
Mayumi Ohno,https://raw.githubusercontent.com/bumbeishvili/Assets/master/Projects/D3/Organization%20Chart/general.jpg,Corporate,http://example.com/employee/profile,CEO office,"Ceo,tag1, tag2",false,Senior developer,O-6342,O-6149,
SizePalette,https://raw.githubusercontent.com/bumbeishvili/Assets/master/Projects/D3/Organization%20Chart/general.jpg,Corporate,http://example.com/employee/profile,CEO office,"Ceo,tag1, tag2",false,System analyst,O-6343,O-6149,
 Leverling Janet,https://raw.githubusercontent.com/bumbeishvili/Assets/master/Projects/D3/Organization%20Chart/female.jpg,Corporate,http://example.com/employee/profile,CEO office,"Ceo,tag1, tag2",false,CTO ,O-6344,O-6153,
Fuller Andrew,https://raw.githubusercontent.com/bumbeishvili/Assets/master/Projects/D3/Organization%20Chart/general.jpg,Corporate,http://example.com/employee/profile,CEO office,"Ceo,tag1, tag2",false,Linear Manager,O-6345,O-6153,
Peacock Margaret,https://raw.githubusercontent.com/bumbeishvili/Assets/master/Projects/D3/Organization%20Chart/general.jpg,Corporate,http://example.com/employee/profile,CEO office,"Ceo,tag1, tag2",false,CEO,O-6346,O-6153,
Buchanan Steven,https://raw.githubusercontent.com/bumbeishvili/Assets/master/Projects/D3/Organization%20Chart/general.jpg,Corporate,http://example.com/employee/profile,CEO office,"Ceo,tag1, tag2",false,Head of direction,O-6347,O-6153,
Suyama Michael,https://raw.githubusercontent.com/bumbeishvili/Assets/master/Projects/D3/Organization%20Chart/general.jpg,Corporate,http://example.com/employee/profile,CEO office,"Ceo,tag1, tag2",false,Senior sales manager,O-6348,O-6153,
King Robert,https://raw.githubusercontent.com/bumbeishvili/Assets/master/Projects/D3/Organization%20Chart/general.jpg,Corporate,http://example.com/employee/profile,CEO office,"Ceo,tag1, tag2",false,Senior Sales Manager,O-6349,O-6153,
West Adam,https://raw.githubusercontent.com/bumbeishvili/Assets/master/Projects/D3/Organization%20Chart/general.jpg,Corporate,http://example.com/employee/profile,CEO office,"Ceo,tag1, tag2",false,CTO,O-6350,O-6153,
Charlotte Cooper,https://raw.githubusercontent.com/bumbeishvili/Assets/master/Projects/D3/Organization%20Chart/general.jpg,Corporate,http://example.com/employee/profile,CEO office,"Ceo,tag1, tag2",false,Senior Trader,O-6351,O-6153,
Yoshi Nagase,https://raw.githubusercontent.com/bumbeishvili/Assets/master/Projects/D3/Organization%20Chart/general.jpg,Corporate,http://example.com/employee/profile,CEO office,"Ceo,tag1, tag2",false,Head of laboratory,O-6352,O-6153,
 Leverling Janet,https://raw.githubusercontent.com/bumbeishvili/Assets/master/Projects/D3/Organization%20Chart/female.jpg,Corporate,http://example.com/employee/profile,CEO office,"Ceo,tag1, tag2",false,CTO ,O-6353,O-6154,
Fuller Andrew,https://raw.githubusercontent.com/bumbeishvili/Assets/master/Projects/D3/Organization%20Chart/general.jpg,Corporate,http://example.com/employee/profile,CEO office,"Ceo,tag1, tag2",false,Linear Manager,O-6354,O-6154,
Peacock Margaret,https://raw.githubusercontent.com/bumbeishvili/Assets/master/Projects/D3/Organization%20Chart/general.jpg,Corporate,http://example.com/employee/profile,CEO office,"Ceo,tag1, tag2",false,CEO,O-6355,O-6154,
Buchanan Steven,https://raw.githubusercontent.com/bumbeishvili/Assets/master/Projects/D3/Organization%20Chart/general.jpg,Corporate,http://example.com/employee/profile,CEO office,"Ceo,tag1, tag2",false,Head of direction,O-6356,O-6154,
Suyama Michael,https://raw.githubusercontent.com/bumbeishvili/Assets/master/Projects/D3/Organization%20Chart/general.jpg,Corporate,http://example.com/employee/profile,CEO office,"Ceo,tag1, tag2",false,Senior sales manager,O-6357,O-6154,
King Robert,https://raw.githubusercontent.com/bumbeishvili/Assets/master/Projects/D3/Organization%20Chart/general.jpg,Corporate,http://example.com/employee/profile,CEO office,"Ceo,tag1, tag2",false,Senior Sales Manager,O-6358,O-6154,
West Adam,https://raw.githubusercontent.com/bumbeishvili/Assets/master/Projects/D3/Organization%20Chart/general.jpg,Corporate,http://example.com/employee/profile,CEO office,"Ceo,tag1, tag2",false,CTO,O-6359,O-6154,
Charlotte Cooper,https://raw.githubusercontent.com/bumbeishvili/Assets/master/Projects/D3/Organization%20Chart/general.jpg,Corporate,http://example.com/employee/profile,CEO office,"Ceo,tag1, tag2",false,Senior Trader,O-6360,O-6154,
Yoshi Nagase,https://raw.githubusercontent.com/bumbeishvili/Assets/master/Projects/D3/Organization%20Chart/general.jpg,Corporate,http://example.com/employee/profile,CEO office,"Ceo,tag1, tag2",false,Head of laboratory,O-6361,O-6154,
 Leverling Janet,https://raw.githubusercontent.com/bumbeishvili/Assets/master/Projects/D3/Organization%20Chart/female.jpg,Corporate,http://example.com/employee/profile,CEO office,"Ceo,tag1, tag2",false,CTO ,O-6362,O-6155,
Fuller Andrew,https://raw.githubusercontent.com/bumbeishvili/Assets/master/Projects/D3/Organization%20Chart/general.jpg,Corporate,http://example.com/employee/profile,CEO office,"Ceo,tag1, tag2",false,Linear Manager,O-6363,O-6155,
Peacock Margaret,https://raw.githubusercontent.com/bumbeishvili/Assets/master/Projects/D3/Organization%20Chart/general.jpg,Corporate,http://example.com/employee/profile,CEO office,"Ceo,tag1, tag2",false,CEO,O-6364,O-6155,
Buchanan Steven,https://raw.githubusercontent.com/bumbeishvili/Assets/master/Projects/D3/Organization%20Chart/general.jpg,Corporate,http://example.com/employee/profile,CEO office,"Ceo,tag1, tag2",false,Head of direction,O-6365,O-6155,
Suyama Michael,https://raw.githubusercontent.com/bumbeishvili/Assets/master/Projects/D3/Organization%20Chart/general.jpg,Corporate,http://example.com/employee/profile,CEO office,"Ceo,tag1, tag2",false,Senior sales manager,O-6366,O-6155,
King Robert,https://raw.githubusercontent.com/bumbeishvili/Assets/master/Projects/D3/Organization%20Chart/general.jpg,Corporate,http://example.com/employee/profile,CEO office,"Ceo,tag1, tag2",false,Senior Sales Manager,O-6367,O-6155,
West Adam,https://raw.githubusercontent.com/bumbeishvili/Assets/master/Projects/D3/Organization%20Chart/general.jpg,Corporate,http://example.com/employee/profile,CEO office,"Ceo,tag1, tag2",false,CTO,O-6368,O-6155,
Charlotte Cooper,https://raw.githubusercontent.com/bumbeishvili/Assets/master/Projects/D3/Organization%20Chart/general.jpg,Corporate,http://example.com/employee/profile,CEO office,"Ceo,tag1, tag2",false,Senior Trader,O-6369,O-6155,
Yoshi Nagase,https://raw.githubusercontent.com/bumbeishvili/Assets/master/Projects/D3/Organization%20Chart/general.jpg,Corporate,http://example.com/employee/profile,CEO office,"Ceo,tag1, tag2",false,Head of laboratory,O-6370,O-6155,
Callahan Laura,https://raw.githubusercontent.com/bumbeishvili/Assets/master/Projects/D3/Organization%20Chart/general.jpg,Corporate,http://example.com/employee/profile,CEO office,"Ceo,tag1, tag2",false,Junior sales manager,O-6371,O-6158,
Dodsworth Anne,https://raw.githubusercontent.com/bumbeishvili/Assets/master/Projects/D3/Organization%20Chart/general.jpg,Corporate,http://example.com/employee/profile,CEO office,"Ceo,tag1, tag2",false,Junior sales manager,O-6372,O-6158,
Shelley Burke,https://raw.githubusercontent.com/bumbeishvili/Assets/master/Projects/D3/Organization%20Chart/general.jpg,Corporate,http://example.com/employee/profile,CEO office,"Ceo,tag1, tag2",false,Intern,O-6373,O-6160,
Valle Saavedra,https://raw.githubusercontent.com/bumbeishvili/Assets/master/Projects/D3/Organization%20Chart/general.jpg,Corporate,http://example.com/employee/profile,CEO office,"Ceo,tag1, tag2",false,Junior Inovator,O-6374,O-6161,
Regina Murphy,https://raw.githubusercontent.com/bumbeishvili/Assets/master/Projects/D3/Organization%20Chart/general.jpg,Corporate,http://example.com/employee/profile,CEO office,"Ceo,tag1, tag2",false,Developer,O-6375,O-6161,
Mayumi Ohno,https://raw.githubusercontent.com/bumbeishvili/Assets/master/Projects/D3/Organization%20Chart/general.jpg,Corporate,http://example.com/employee/profile,CEO office,"Ceo,tag1, tag2",false,Senior developer,O-6376,O-6161,
SizePalette,https://raw.githubusercontent.com/bumbeishvili/Assets/master/Projects/D3/Organization%20Chart/general.jpg,Corporate,http://example.com/employee/profile,CEO office,"Ceo,tag1, tag2",false,System analyst,O-6377,O-6161,
 Leverling Janet,https://raw.githubusercontent.com/bumbeishvili/Assets/master/Projects/D3/Organization%20Chart/female.jpg,Corporate,http://example.com/employee/profile,CEO office,"Ceo,tag1, tag2",false,CTO ,O-6378,O-6166,
Fuller Andrew,https://raw.githubusercontent.com/bumbeishvili/Assets/master/Projects/D3/Organization%20Chart/general.jpg,Corporate,http://example.com/employee/profile,CEO office,"Ceo,tag1, tag2",false,Linear Manager,O-6379,O-6166,
Peacock Margaret,https://raw.githubusercontent.com/bumbeishvili/Assets/master/Projects/D3/Organization%20Chart/general.jpg,Corporate,http://example.com/employee/profile,CEO office,"Ceo,tag1, tag2",false,CEO,O-6380,O-6166,
Buchanan Steven,https://raw.githubusercontent.com/bumbeishvili/Assets/master/Projects/D3/Organization%20Chart/general.jpg,Corporate,http://example.com/employee/profile,CEO office,"Ceo,tag1, tag2",false,Head of direction,O-6381,O-6166,
Suyama Michael,https://raw.githubusercontent.com/bumbeishvili/Assets/master/Projects/D3/Organization%20Chart/general.jpg,Corporate,http://example.com/employee/profile,CEO office,"Ceo,tag1, tag2",false,Senior sales manager,O-6382,O-6166,
King Robert,https://raw.githubusercontent.com/bumbeishvili/Assets/master/Projects/D3/Organization%20Chart/general.jpg,Corporate,http://example.com/employee/profile,CEO office,"Ceo,tag1, tag2",false,Senior Sales Manager,O-6383,O-6166,
West Adam,https://raw.githubusercontent.com/bumbeishvili/Assets/master/Projects/D3/Organization%20Chart/general.jpg,Corporate,http://example.com/employee/profile,CEO office,"Ceo,tag1, tag2",false,CTO,O-6384,O-6166,
Charlotte Cooper,https://raw.githubusercontent.com/bumbeishvili/Assets/master/Projects/D3/Organization%20Chart/general.jpg,Corporate,http://example.com/employee/profile,CEO office,"Ceo,tag1, tag2",false,Senior Trader,O-6385,O-6166,
Yoshi Nagase,https://raw.githubusercontent.com/bumbeishvili/Assets/master/Projects/D3/Organization%20Chart/general.jpg,Corporate,http://example.com/employee/profile,CEO office,"Ceo,tag1, tag2",false,Head of laboratory,O-6386,O-6166,
 Lars Peterson,https://raw.githubusercontent.com/bumbeishvili/Assets/master/Projects/D3/Organization%20Chart/general.jpg,Corporate,http://example.com/employee/profile,CEO office,"Ceo,tag1, tag2",false,Anakyst Developer,O-6387,O-6169,
 Leverling Janet,https://raw.githubusercontent.com/bumbeishvili/Assets/master/Projects/D3/Organization%20Chart/female.jpg,Corporate,http://example.com/employee/profile,CEO office,"Ceo,tag1, tag2",false,CTO ,O-6388,O-6170,
Fuller Andrew,https://raw.githubusercontent.com/bumbeishvili/Assets/master/Projects/D3/Organization%20Chart/general.jpg,Corporate,http://example.com/employee/profile,CEO office,"Ceo,tag1, tag2",false,Linear Manager,O-6389,O-6170,
Peacock Margaret,https://raw.githubusercontent.com/bumbeishvili/Assets/master/Projects/D3/Organization%20Chart/general.jpg,Corporate,http://example.com/employee/profile,CEO office,"Ceo,tag1, tag2",false,CEO,O-6390,O-6170,
Buchanan Steven,https://raw.githubusercontent.com/bumbeishvili/Assets/master/Projects/D3/Organization%20Chart/general.jpg,Corporate,http://example.com/employee/profile,CEO office,"Ceo,tag1, tag2",false,Head of direction,O-6391,O-6170,
Suyama Michael,https://raw.githubusercontent.com/bumbeishvili/Assets/master/Projects/D3/Organization%20Chart/general.jpg,Corporate,http://example.com/employee/profile,CEO office,"Ceo,tag1, tag2",false,Senior sales manager,O-6392,O-6170,
King Robert,https://raw.githubusercontent.com/bumbeishvili/Assets/master/Projects/D3/Organization%20Chart/general.jpg,Corporate,http://example.com/employee/profile,CEO office,"Ceo,tag1, tag2",false,Senior Sales Manager,O-6393,O-6170,
West Adam,https://raw.githubusercontent.com/bumbeishvili/Assets/master/Projects/D3/Organization%20Chart/general.jpg,Corporate,http://example.com/employee/profile,CEO office,"Ceo,tag1, tag2",false,CTO,O-6394,O-6170,
Charlotte Cooper,https://raw.githubusercontent.com/bumbeishvili/Assets/master/Projects/D3/Organization%20Chart/general.jpg,Corporate,http://example.com/employee/profile,CEO office,"Ceo,tag1, tag2",false,Senior Trader,O-6395,O-6170,
Yoshi Nagase,https://raw.githubusercontent.com/bumbeishvili/Assets/master/Projects/D3/Organization%20Chart/general.jpg,Corporate,http://example.com/employee/profile,CEO office,"Ceo,tag1, tag2",false,Head of laboratory,O-6396,O-6170,
Current User,https://raw.githubusercontent.com/bumbeishvili/Assets/master/Projects/D3/Organization%20Chart/bean.png,Corporate,http://example.com/employee/profile,CEO office,"Ceo,tag1, tag2",false,Web Developer,O-6397,O-6171,
Beate Vileid,https://raw.githubusercontent.com/bumbeishvili/Assets/master/Projects/D3/Organization%20Chart/general.jpg,Corporate,http://example.com/employee/profile,CEO office,"Ceo,tag1, tag2",false,Junior Developer,O-6398,O-6171,
 Leverling Janet,https://raw.githubusercontent.com/bumbeishvili/Assets/master/Projects/D3/Organization%20Chart/female.jpg,Corporate,http://example.com/employee/profile,CEO office,"Ceo,tag1, tag2",false,CTO ,O-6399,O-6174,
Fuller Andrew,https://raw.githubusercontent.com/bumbeishvili/Assets/master/Projects/D3/Organization%20Chart/general.jpg,Corporate,http://example.com/employee/profile,CEO office,"Ceo,tag1, tag2",false,Linear Manager,O-6400,O-6174,
Peacock Margaret,https://raw.githubusercontent.com/bumbeishvili/Assets/master/Projects/D3/Organization%20Chart/general.jpg,Corporate,http://example.com/employee/profile,CEO office,"Ceo,tag1, tag2",false,CEO,O-6401,O-6174,
Buchanan Steven,https://raw.githubusercontent.com/bumbeishvili/Assets/master/Projects/D3/Organization%20Chart/general.jpg,Corporate,http://example.com/employee/profile,CEO office,"Ceo,tag1, tag2",false,Head of direction,O-6402,O-6174,
Suyama Michael,https://raw.githubusercontent.com/bumbeishvili/Assets/master/Projects/D3/Organization%20Chart/general.jpg,Corporate,http://example.com/employee/profile,CEO office,"Ceo,tag1, tag2",false,Senior sales manager,O-6403,O-6174,
King Robert,https://raw.githubusercontent.com/bumbeishvili/Assets/master/Projects/D3/Organization%20Chart/general.jpg,Corporate,http://example.com/employee/profile,CEO office,"Ceo,tag1, tag2",false,Senior Sales Manager,O-6404,O-6174,
West Adam,https://raw.githubusercontent.com/bumbeishvili/Assets/master/Projects/D3/Organization%20Chart/general.jpg,Corporate,http://example.com/employee/profile,CEO office,"Ceo,tag1, tag2",false,CTO,O-6405,O-6174,
Charlotte Cooper,https://raw.githubusercontent.com/bumbeishvili/Assets/master/Projects/D3/Organization%20Chart/general.jpg,Corporate,http://example.com/employee/profile,CEO office,"Ceo,tag1, tag2",false,Senior Trader,O-6406,O-6174,
Yoshi Nagase,https://raw.githubusercontent.com/bumbeishvili/Assets/master/Projects/D3/Organization%20Chart/general.jpg,Corporate,http://example.com/employee/profile,CEO office,"Ceo,tag1, tag2",false,Head of laboratory,O-6407,O-6174,
 Leverling Janet,https://raw.githubusercontent.com/bumbeishvili/Assets/master/Projects/D3/Organization%20Chart/female.jpg,Corporate,http://example.com/employee/profile,CEO office,"Ceo,tag1, tag2",false,CTO ,O-6408,O-6175,
Fuller Andrew,https://raw.githubusercontent.com/bumbeishvili/Assets/master/Projects/D3/Organization%20Chart/general.jpg,Corporate,http://example.com/employee/profile,CEO office,"Ceo,tag1, tag2",false,Linear Manager,O-6409,O-6175,
Peacock Margaret,https://raw.githubusercontent.com/bumbeishvili/Assets/master/Projects/D3/Organization%20Chart/general.jpg,Corporate,http://example.com/employee/profile,CEO office,"Ceo,tag1, tag2",false,CEO,O-6410,O-6175,
Buchanan Steven,https://raw.githubusercontent.com/bumbeishvili/Assets/master/Projects/D3/Organization%20Chart/general.jpg,Corporate,http://example.com/employee/profile,CEO office,"Ceo,tag1, tag2",false,Head of direction,O-6411,O-6175,
Suyama Michael,https://raw.githubusercontent.com/bumbeishvili/Assets/master/Projects/D3/Organization%20Chart/general.jpg,Corporate,http://example.com/employee/profile,CEO office,"Ceo,tag1, tag2",false,Senior sales manager,O-6412,O-6175,
King Robert,https://raw.githubusercontent.com/bumbeishvili/Assets/master/Projects/D3/Organization%20Chart/general.jpg,Corporate,http://example.com/employee/profile,CEO office,"Ceo,tag1, tag2",false,Senior Sales Manager,O-6413,O-6175,
West Adam,https://raw.githubusercontent.com/bumbeishvili/Assets/master/Projects/D3/Organization%20Chart/general.jpg,Corporate,http://example.com/employee/profile,CEO office,"Ceo,tag1, tag2",false,CTO,O-6414,O-6175,
Charlotte Cooper,https://raw.githubusercontent.com/bumbeishvili/Assets/master/Projects/D3/Organization%20Chart/general.jpg,Corporate,http://example.com/employee/profile,CEO office,"Ceo,tag1, tag2",false,Senior Trader,O-6415,O-6175,
Yoshi Nagase,https://raw.githubusercontent.com/bumbeishvili/Assets/master/Projects/D3/Organization%20Chart/general.jpg,Corporate,http://example.com/employee/profile,CEO office,"Ceo,tag1, tag2",false,Head of laboratory,O-6416,O-6175,
 Leverling Janet,https://raw.githubusercontent.com/bumbeishvili/Assets/master/Projects/D3/Organization%20Chart/female.jpg,Corporate,http://example.com/employee/profile,CEO office,"Ceo,tag1, tag2",false,CTO ,O-6417,O-6176,
Fuller Andrew,https://raw.githubusercontent.com/bumbeishvili/Assets/master/Projects/D3/Organization%20Chart/general.jpg,Corporate,http://example.com/employee/profile,CEO office,"Ceo,tag1, tag2",false,Linear Manager,O-6418,O-6176,
Peacock Margaret,https://raw.githubusercontent.com/bumbeishvili/Assets/master/Projects/D3/Organization%20Chart/general.jpg,Corporate,http://example.com/employee/profile,CEO office,"Ceo,tag1, tag2",false,CEO,O-6419,O-6176,
Buchanan Steven,https://raw.githubusercontent.com/bumbeishvili/Assets/master/Projects/D3/Organization%20Chart/general.jpg,Corporate,http://example.com/employee/profile,CEO office,"Ceo,tag1, tag2",false,Head of direction,O-6420,O-6176,
Suyama Michael,https://raw.githubusercontent.com/bumbeishvili/Assets/master/Projects/D3/Organization%20Chart/general.jpg,Corporate,http://example.com/employee/profile,CEO office,"Ceo,tag1, tag2",false,Senior sales manager,O-6421,O-6176,
King Robert,https://raw.githubusercontent.com/bumbeishvili/Assets/master/Projects/D3/Organization%20Chart/general.jpg,Corporate,http://example.com/employee/profile,CEO office,"Ceo,tag1, tag2",false,Senior Sales Manager,O-6422,O-6176,
West Adam,https://raw.githubusercontent.com/bumbeishvili/Assets/master/Projects/D3/Organization%20Chart/general.jpg,Corporate,http://example.com/employee/profile,CEO office,"Ceo,tag1, tag2",false,CTO,O-6423,O-6176,
Charlotte Cooper,https://raw.githubusercontent.com/bumbeishvili/Assets/master/Projects/D3/Organization%20Chart/general.jpg,Corporate,http://example.com/employee/profile,CEO office,"Ceo,tag1, tag2",false,Senior Trader,O-6424,O-6176,
Yoshi Nagase,https://raw.githubusercontent.com/bumbeishvili/Assets/master/Projects/D3/Organization%20Chart/general.jpg,Corporate,http://example.com/employee/profile,CEO office,"Ceo,tag1, tag2",false,Head of laboratory,O-6425,O-6176,
Callahan Laura,https://raw.githubusercontent.com/bumbeishvili/Assets/master/Projects/D3/Organization%20Chart/general.jpg,Corporate,http://example.com/employee/profile,CEO office,"Ceo,tag1, tag2",false,Junior sales manager,O-6426,O-6179,
Dodsworth Anne,https://raw.githubusercontent.com/bumbeishvili/Assets/master/Projects/D3/Organization%20Chart/general.jpg,Corporate,http://example.com/employee/profile,CEO office,"Ceo,tag1, tag2",false,Junior sales manager,O-6427,O-6179,
Shelley Burke,https://raw.githubusercontent.com/bumbeishvili/Assets/master/Projects/D3/Organization%20Chart/general.jpg,Corporate,http://example.com/employee/profile,CEO office,"Ceo,tag1, tag2",false,Intern,O-6428,O-6181,
Valle Saavedra,https://raw.githubusercontent.com/bumbeishvili/Assets/master/Projects/D3/Organization%20Chart/general.jpg,Corporate,http://example.com/employee/profile,CEO office,"Ceo,tag1, tag2",false,Junior Inovator,O-6429,O-6182,
Regina Murphy,https://raw.githubusercontent.com/bumbeishvili/Assets/master/Projects/D3/Organization%20Chart/general.jpg,Corporate,http://example.com/employee/profile,CEO office,"Ceo,tag1, tag2",false,Developer,O-6430,O-6182,
Mayumi Ohno,https://raw.githubusercontent.com/bumbeishvili/Assets/master/Projects/D3/Organization%20Chart/general.jpg,Corporate,http://example.com/employee/profile,CEO office,"Ceo,tag1, tag2",false,Senior developer,O-6431,O-6182,
SizePalette,https://raw.githubusercontent.com/bumbeishvili/Assets/master/Projects/D3/Organization%20Chart/general.jpg,Corporate,http://example.com/employee/profile,CEO office,"Ceo,tag1, tag2",false,System analyst,O-6432,O-6182,
 Leverling Janet,https://raw.githubusercontent.com/bumbeishvili/Assets/master/Projects/D3/Organization%20Chart/female.jpg,Corporate,http://example.com/employee/profile,CEO office,"Ceo,tag1, tag2",false,CTO ,O-6433,O-6183,
Fuller Andrew,https://raw.githubusercontent.com/bumbeishvili/Assets/master/Projects/D3/Organization%20Chart/general.jpg,Corporate,http://example.com/employee/profile,CEO office,"Ceo,tag1, tag2",false,Linear Manager,O-6434,O-6183,
Peacock Margaret,https://raw.githubusercontent.com/bumbeishvili/Assets/master/Projects/D3/Organization%20Chart/general.jpg,Corporate,http://example.com/employee/profile,CEO office,"Ceo,tag1, tag2",false,CEO,O-6435,O-6183,
Buchanan Steven,https://raw.githubusercontent.com/bumbeishvili/Assets/master/Projects/D3/Organization%20Chart/general.jpg,Corporate,http://example.com/employee/profile,CEO office,"Ceo,tag1, tag2",false,Head of direction,O-6436,O-6183,
Suyama Michael,https://raw.githubusercontent.com/bumbeishvili/Assets/master/Projects/D3/Organization%20Chart/general.jpg,Corporate,http://example.com/employee/profile,CEO office,"Ceo,tag1, tag2",false,Senior sales manager,O-6437,O-6183,
King Robert,https://raw.githubusercontent.com/bumbeishvili/Assets/master/Projects/D3/Organization%20Chart/general.jpg,Corporate,http://example.com/employee/profile,CEO office,"Ceo,tag1, tag2",false,Senior Sales Manager,O-6438,O-6183,
West Adam,https://raw.githubusercontent.com/bumbeishvili/Assets/master/Projects/D3/Organization%20Chart/general.jpg,Corporate,http://example.com/employee/profile,CEO office,"Ceo,tag1, tag2",false,CTO,O-6439,O-6183,
Charlotte Cooper,https://raw.githubusercontent.com/bumbeishvili/Assets/master/Projects/D3/Organization%20Chart/general.jpg,Corporate,http://example.com/employee/profile,CEO office,"Ceo,tag1, tag2",false,Senior Trader,O-6440,O-6183,
Yoshi Nagase,https://raw.githubusercontent.com/bumbeishvili/Assets/master/Projects/D3/Organization%20Chart/general.jpg,Corporate,http://example.com/employee/profile,CEO office,"Ceo,tag1, tag2",false,Head of laboratory,O-6441,O-6183,
 Leverling Janet,https://raw.githubusercontent.com/bumbeishvili/Assets/master/Projects/D3/Organization%20Chart/female.jpg,Corporate,http://example.com/employee/profile,CEO office,"Ceo,tag1, tag2",false,CTO ,O-6442,O-6184,
Fuller Andrew,https://raw.githubusercontent.com/bumbeishvili/Assets/master/Projects/D3/Organization%20Chart/general.jpg,Corporate,http://example.com/employee/profile,CEO office,"Ceo,tag1, tag2",false,Linear Manager,O-6443,O-6184,
Peacock Margaret,https://raw.githubusercontent.com/bumbeishvili/Assets/master/Projects/D3/Organization%20Chart/general.jpg,Corporate,http://example.com/employee/profile,CEO office,"Ceo,tag1, tag2",false,CEO,O-6444,O-6184,
Buchanan Steven,https://raw.githubusercontent.com/bumbeishvili/Assets/master/Projects/D3/Organization%20Chart/general.jpg,Corporate,http://example.com/employee/profile,CEO office,"Ceo,tag1, tag2",false,Head of direction,O-6445,O-6184,
Suyama Michael,https://raw.githubusercontent.com/bumbeishvili/Assets/master/Projects/D3/Organization%20Chart/general.jpg,Corporate,http://example.com/employee/profile,CEO office,"Ceo,tag1, tag2",false,Senior sales manager,O-6446,O-6184,
King Robert,https://raw.githubusercontent.com/bumbeishvili/Assets/master/Projects/D3/Organization%20Chart/general.jpg,Corporate,http://example.com/employee/profile,CEO office,"Ceo,tag1, tag2",false,Senior Sales Manager,O-6447,O-6184,
West Adam,https://raw.githubusercontent.com/bumbeishvili/Assets/master/Projects/D3/Organization%20Chart/general.jpg,Corporate,http://example.com/employee/profile,CEO office,"Ceo,tag1, tag2",false,CTO,O-6448,O-6184,
Charlotte Cooper,https://raw.githubusercontent.com/bumbeishvili/Assets/master/Projects/D3/Organization%20Chart/general.jpg,Corporate,http://example.com/employee/profile,CEO office,"Ceo,tag1, tag2",false,Senior Trader,O-6449,O-6184,
Yoshi Nagase,https://raw.githubusercontent.com/bumbeishvili/Assets/master/Projects/D3/Organization%20Chart/general.jpg,Corporate,http://example.com/employee/profile,CEO office,"Ceo,tag1, tag2",false,Head of laboratory,O-6450,O-6184,
 Leverling Janet,https://raw.githubusercontent.com/bumbeishvili/Assets/master/Projects/D3/Organization%20Chart/female.jpg,Corporate,http://example.com/employee/profile,CEO office,"Ceo,tag1, tag2",false,CTO ,O-6451,O-6185,
Fuller Andrew,https://raw.githubusercontent.com/bumbeishvili/Assets/master/Projects/D3/Organization%20Chart/general.jpg,Corporate,http://example.com/employee/profile,CEO office,"Ceo,tag1, tag2",false,Linear Manager,O-6452,O-6185,
Peacock Margaret,https://raw.githubusercontent.com/bumbeishvili/Assets/master/Projects/D3/Organization%20Chart/general.jpg,Corporate,http://example.com/employee/profile,CEO office,"Ceo,tag1, tag2",false,CEO,O-6453,O-6185,
Buchanan Steven,https://raw.githubusercontent.com/bumbeishvili/Assets/master/Projects/D3/Organization%20Chart/general.jpg,Corporate,http://example.com/employee/profile,CEO office,"Ceo,tag1, tag2",false,Head of direction,O-6454,O-6185,
Suyama Michael,https://raw.githubusercontent.com/bumbeishvili/Assets/master/Projects/D3/Organization%20Chart/general.jpg,Corporate,http://example.com/employee/profile,CEO office,"Ceo,tag1, tag2",false,Senior sales manager,O-6455,O-6185,
King Robert,https://raw.githubusercontent.com/bumbeishvili/Assets/master/Projects/D3/Organization%20Chart/general.jpg,Corporate,http://example.com/employee/profile,CEO office,"Ceo,tag1, tag2",false,Senior Sales Manager,O-6456,O-6185,
West Adam,https://raw.githubusercontent.com/bumbeishvili/Assets/master/Projects/D3/Organization%20Chart/general.jpg,Corporate,http://example.com/employee/profile,CEO office,"Ceo,tag1, tag2",false,CTO,O-6457,O-6185,
Charlotte Cooper,https://raw.githubusercontent.com/bumbeishvili/Assets/master/Projects/D3/Organization%20Chart/general.jpg,Corporate,http://example.com/employee/profile,CEO office,"Ceo,tag1, tag2",false,Senior Trader,O-6458,O-6185,
Yoshi Nagase,https://raw.githubusercontent.com/bumbeishvili/Assets/master/Projects/D3/Organization%20Chart/general.jpg,Corporate,http://example.com/employee/profile,CEO office,"Ceo,tag1, tag2",false,Head of laboratory,O-6459,O-6185,
Callahan Laura,https://raw.githubusercontent.com/bumbeishvili/Assets/master/Projects/D3/Organization%20Chart/general.jpg,Corporate,http://example.com/employee/profile,CEO office,"Ceo,tag1, tag2",false,Junior sales manager,O-6460,O-6188,
Dodsworth Anne,https://raw.githubusercontent.com/bumbeishvili/Assets/master/Projects/D3/Organization%20Chart/general.jpg,Corporate,http://example.com/employee/profile,CEO office,"Ceo,tag1, tag2",false,Junior sales manager,O-6461,O-6188,
Shelley Burke,https://raw.githubusercontent.com/bumbeishvili/Assets/master/Projects/D3/Organization%20Chart/general.jpg,Corporate,http://example.com/employee/profile,CEO office,"Ceo,tag1, tag2",false,Intern,O-6462,O-6190,
Valle Saavedra,https://raw.githubusercontent.com/bumbeishvili/Assets/master/Projects/D3/Organization%20Chart/general.jpg,Corporate,http://example.com/employee/profile,CEO office,"Ceo,tag1, tag2",false,Junior Inovator,O-6463,O-6191,
Regina Murphy,https://raw.githubusercontent.com/bumbeishvili/Assets/master/Projects/D3/Organization%20Chart/general.jpg,Corporate,http://example.com/employee/profile,CEO office,"Ceo,tag1, tag2",false,Developer,O-6464,O-6191,
Mayumi Ohno,https://raw.githubusercontent.com/bumbeishvili/Assets/master/Projects/D3/Organization%20Chart/general.jpg,Corporate,http://example.com/employee/profile,CEO office,"Ceo,tag1, tag2",false,Senior developer,O-6465,O-6191,
SizePalette,https://raw.githubusercontent.com/bumbeishvili/Assets/master/Projects/D3/Organization%20Chart/general.jpg,Corporate,http://example.com/employee/profile,CEO office,"Ceo,tag1, tag2",false,System analyst,O-6466,O-6191,
 Lars Peterson,https://raw.githubusercontent.com/bumbeishvili/Assets/master/Projects/D3/Organization%20Chart/general.jpg,Corporate,http://example.com/employee/profile,CEO office,"Ceo,tag1, tag2",false,Anakyst Developer,O-6467,O-6196,
 Petra Winkler,https://raw.githubusercontent.com/bumbeishvili/Assets/master/Projects/D3/Organization%20Chart/general.jpg,Corporate,http://example.com/employee/profile,CEO office,"Ceo,tag1, tag2",false,Android Developer,O-6468,O-6197,
Martin Bein,https://raw.githubusercontent.com/bumbeishvili/Assets/master/Projects/D3/Organization%20Chart/general.jpg,Corporate,http://example.com/employee/profile,CEO office,"Ceo,tag1, tag2",false,Ios Developer,O-6469,O-6197,2023
Current User,https://raw.githubusercontent.com/bumbeishvili/Assets/master/Projects/D3/Organization%20Chart/bean.png,Corporate,http://example.com/employee/profile,CEO office,"Ceo,tag1, tag2",false,Web Developer,O-6470,O-6198,
Beate Vileid,https://raw.githubusercontent.com/bumbeishvili/Assets/master/Projects/D3/Organization%20Chart/general.jpg,Corporate,http://example.com/employee/profile,CEO office,"Ceo,tag1, tag2",false,Junior Developer,O-6471,O-6198,
 Leverling Janet,https://raw.githubusercontent.com/bumbeishvili/Assets/master/Projects/D3/Organization%20Chart/female.jpg,Corporate,http://example.com/employee/profile,CEO office,"Ceo,tag1, tag2",false,CTO ,O-6472,O-6201,
Fuller Andrew,https://raw.githubusercontent.com/bumbeishvili/Assets/master/Projects/D3/Organization%20Chart/general.jpg,Corporate,http://example.com/employee/profile,CEO office,"Ceo,tag1, tag2",false,Linear Manager,O-6473,O-6201,
Peacock Margaret,https://raw.githubusercontent.com/bumbeishvili/Assets/master/Projects/D3/Organization%20Chart/general.jpg,Corporate,http://example.com/employee/profile,CEO office,"Ceo,tag1, tag2",false,CEO,O-6474,O-6201,
Buchanan Steven,https://raw.githubusercontent.com/bumbeishvili/Assets/master/Projects/D3/Organization%20Chart/general.jpg,Corporate,http://example.com/employee/profile,CEO office,"Ceo,tag1, tag2",false,Head of direction,O-6475,O-6201,
Suyama Michael,https://raw.githubusercontent.com/bumbeishvili/Assets/master/Projects/D3/Organization%20Chart/general.jpg,Corporate,http://example.com/employee/profile,CEO office,"Ceo,tag1, tag2",false,Senior sales manager,O-6476,O-6201,
King Robert,https://raw.githubusercontent.com/bumbeishvili/Assets/master/Projects/D3/Organization%20Chart/general.jpg,Corporate,http://example.com/employee/profile,CEO office,"Ceo,tag1, tag2",false,Senior Sales Manager,O-6477,O-6201,
West Adam,https://raw.githubusercontent.com/bumbeishvili/Assets/master/Projects/D3/Organization%20Chart/general.jpg,Corporate,http://example.com/employee/profile,CEO office,"Ceo,tag1, tag2",false,CTO,O-6478,O-6201,
Charlotte Cooper,https://raw.githubusercontent.com/bumbeishvili/Assets/master/Projects/D3/Organization%20Chart/general.jpg,Corporate,http://example.com/employee/profile,CEO office,"Ceo,tag1, tag2",false,Senior Trader,O-6479,O-6201,
Yoshi Nagase,https://raw.githubusercontent.com/bumbeishvili/Assets/master/Projects/D3/Organization%20Chart/general.jpg,Corporate,http://example.com/employee/profile,CEO office,"Ceo,tag1, tag2",false,Head of laboratory,O-6480,O-6201,
 Leverling Janet,https://raw.githubusercontent.com/bumbeishvili/Assets/master/Projects/D3/Organization%20Chart/female.jpg,Corporate,http://example.com/employee/profile,CEO office,"Ceo,tag1, tag2",false,CTO ,O-6481,O-6202,
Fuller Andrew,https://raw.githubusercontent.com/bumbeishvili/Assets/master/Projects/D3/Organization%20Chart/general.jpg,Corporate,http://example.com/employee/profile,CEO office,"Ceo,tag1, tag2",false,Linear Manager,O-6482,O-6202,
Peacock Margaret,https://raw.githubusercontent.com/bumbeishvili/Assets/master/Projects/D3/Organization%20Chart/general.jpg,Corporate,http://example.com/employee/profile,CEO office,"Ceo,tag1, tag2",false,CEO,O-6483,O-6202,
Buchanan Steven,https://raw.githubusercontent.com/bumbeishvili/Assets/master/Projects/D3/Organization%20Chart/general.jpg,Corporate,http://example.com/employee/profile,CEO office,"Ceo,tag1, tag2",false,Head of direction,O-6484,O-6202,
Suyama Michael,https://raw.githubusercontent.com/bumbeishvili/Assets/master/Projects/D3/Organization%20Chart/general.jpg,Corporate,http://example.com/employee/profile,CEO office,"Ceo,tag1, tag2",false,Senior sales manager,O-6485,O-6202,
King Robert,https://raw.githubusercontent.com/bumbeishvili/Assets/master/Projects/D3/Organization%20Chart/general.jpg,Corporate,http://example.com/employee/profile,CEO office,"Ceo,tag1, tag2",false,Senior Sales Manager,O-6486,O-6202,
West Adam,https://raw.githubusercontent.com/bumbeishvili/Assets/master/Projects/D3/Organization%20Chart/general.jpg,Corporate,http://example.com/employee/profile,CEO office,"Ceo,tag1, tag2",false,CTO,O-6487,O-6202,
Charlotte Cooper,https://raw.githubusercontent.com/bumbeishvili/Assets/master/Projects/D3/Organization%20Chart/general.jpg,Corporate,http://example.com/employee/profile,CEO office,"Ceo,tag1, tag2",false,Senior Trader,O-6488,O-6202,
Yoshi Nagase,https://raw.githubusercontent.com/bumbeishvili/Assets/master/Projects/D3/Organization%20Chart/general.jpg,Corporate,http://example.com/employee/profile,CEO office,"Ceo,tag1, tag2",false,Head of laboratory,O-6489,O-6202,
 Leverling Janet,https://raw.githubusercontent.com/bumbeishvili/Assets/master/Projects/D3/Organization%20Chart/female.jpg,Corporate,http://example.com/employee/profile,CEO office,"Ceo,tag1, tag2",false,CTO ,O-6490,O-6203,
Fuller Andrew,https://raw.githubusercontent.com/bumbeishvili/Assets/master/Projects/D3/Organization%20Chart/general.jpg,Corporate,http://example.com/employee/profile,CEO office,"Ceo,tag1, tag2",false,Linear Manager,O-6491,O-6203,
Peacock Margaret,https://raw.githubusercontent.com/bumbeishvili/Assets/master/Projects/D3/Organization%20Chart/general.jpg,Corporate,http://example.com/employee/profile,CEO office,"Ceo,tag1, tag2",false,CEO,O-6492,O-6203,
Buchanan Steven,https://raw.githubusercontent.com/bumbeishvili/Assets/master/Projects/D3/Organization%20Chart/general.jpg,Corporate,http://example.com/employee/profile,CEO office,"Ceo,tag1, tag2",false,Head of direction,O-6493,O-6203,
Suyama Michael,https://raw.githubusercontent.com/bumbeishvili/Assets/master/Projects/D3/Organization%20Chart/general.jpg,Corporate,http://example.com/employee/profile,CEO office,"Ceo,tag1, tag2",false,Senior sales manager,O-6494,O-6203,
King Robert,https://raw.githubusercontent.com/bumbeishvili/Assets/master/Projects/D3/Organization%20Chart/general.jpg,Corporate,http://example.com/employee/profile,CEO office,"Ceo,tag1, tag2",false,Senior Sales Manager,O-6495,O-6203,
West Adam,https://raw.githubusercontent.com/bumbeishvili/Assets/master/Projects/D3/Organization%20Chart/general.jpg,Corporate,http://example.com/employee/profile,CEO office,"Ceo,tag1, tag2",false,CTO,O-6496,O-6203,
Charlotte Cooper,https://raw.githubusercontent.com/bumbeishvili/Assets/master/Projects/D3/Organization%20Chart/general.jpg,Corporate,http://example.com/employee/profile,CEO office,"Ceo,tag1, tag2",false,Senior Trader,O-6497,O-6203,
Yoshi Nagase,https://raw.githubusercontent.com/bumbeishvili/Assets/master/Projects/D3/Organization%20Chart/general.jpg,Corporate,http://example.com/employee/profile,CEO office,"Ceo,tag1, tag2",false,Head of laboratory,O-6498,O-6203,
Callahan Laura,https://raw.githubusercontent.com/bumbeishvili/Assets/master/Projects/D3/Organization%20Chart/general.jpg,Corporate,http://example.com/employee/profile,CEO office,"Ceo,tag1, tag2",false,Junior sales manager,O-6499,O-6206,
Dodsworth Anne,https://raw.githubusercontent.com/bumbeishvili/Assets/master/Projects/D3/Organization%20Chart/general.jpg,Corporate,http://example.com/employee/profile,CEO office,"Ceo,tag1, tag2",false,Junior sales manager,O-6500,O-6206,
Shelley Burke,https://raw.githubusercontent.com/bumbeishvili/Assets/master/Projects/D3/Organization%20Chart/general.jpg,Corporate,http://example.com/employee/profile,CEO office,"Ceo,tag1, tag2",false,Intern,O-6501,O-6208,
Valle Saavedra,https://raw.githubusercontent.com/bumbeishvili/Assets/master/Projects/D3/Organization%20Chart/general.jpg,Corporate,http://example.com/employee/profile,CEO office,"Ceo,tag1, tag2",false,Junior Inovator,O-6502,O-6209,
Regina Murphy,https://raw.githubusercontent.com/bumbeishvili/Assets/master/Projects/D3/Organization%20Chart/general.jpg,Corporate,http://example.com/employee/profile,CEO office,"Ceo,tag1, tag2",false,Developer,O-6503,O-6209,
Mayumi Ohno,https://raw.githubusercontent.com/bumbeishvili/Assets/master/Projects/D3/Organization%20Chart/general.jpg,Corporate,http://example.com/employee/profile,CEO office,"Ceo,tag1, tag2",false,Senior developer,O-6504,O-6209,
SizePalette,https://raw.githubusercontent.com/bumbeishvili/Assets/master/Projects/D3/Organization%20Chart/general.jpg,Corporate,http://example.com/employee/profile,CEO office,"Ceo,tag1, tag2",false,System analyst,O-6505,O-6209,
 Lars Peterson,https://raw.githubusercontent.com/bumbeishvili/Assets/master/Projects/D3/Organization%20Chart/general.jpg,Corporate,http://example.com/employee/profile,CEO office,"Ceo,tag1, tag2",false,Anakyst Developer,O-6506,O-6214,
 Petra Winkler,https://raw.githubusercontent.com/bumbeishvili/Assets/master/Projects/D3/Organization%20Chart/general.jpg,Corporate,http://example.com/employee/profile,CEO office,"Ceo,tag1, tag2",false,Android Developer,O-6507,O-6215,
Martin Bein,https://raw.githubusercontent.com/bumbeishvili/Assets/master/Projects/D3/Organization%20Chart/general.jpg,Corporate,http://example.com/employee/profile,CEO office,"Ceo,tag1, tag2",false,Ios Developer,O-6508,O-6215,2023
Current User,https://raw.githubusercontent.com/bumbeishvili/Assets/master/Projects/D3/Organization%20Chart/bean.png,Corporate,http://example.com/employee/profile,CEO office,"Ceo,tag1, tag2",false,Web Developer,O-6509,O-6216,
Beate Vileid,https://raw.githubusercontent.com/bumbeishvili/Assets/master/Projects/D3/Organization%20Chart/general.jpg,Corporate,http://example.com/employee/profile,CEO office,"Ceo,tag1, tag2",false,Junior Developer,O-6510,O-6216,
Peter Wilson,https://raw.githubusercontent.com/bumbeishvili/Assets/master/Projects/D3/Organization%20Chart/general.jpg,Corporate,http://example.com/employee/profile,CEO office,"Ceo,tag1, tag2",false,Head of channels,O-6511,O-6224,
Carlos Diaz,https://raw.githubusercontent.com/bumbeishvili/Assets/master/Projects/D3/Organization%20Chart/general.jpg,Corporate,http://example.com/employee/profile,CEO office,"Ceo,tag1, tag2",false,Senior Android Developer,O-6512,O-6224,
Sven Petersen,https://raw.githubusercontent.com/bumbeishvili/Assets/master/Projects/D3/Organization%20Chart/general.jpg,Corporate,http://example.com/employee/profile,CEO office,"Ceo,tag1, tag2",false,Senior Developer,O-6513,O-6224,
Callahan Laura,https://raw.githubusercontent.com/bumbeishvili/Assets/master/Projects/D3/Organization%20Chart/general.jpg,Corporate,http://example.com/employee/profile,CEO office,"Ceo,tag1, tag2",false,Junior sales manager,O-6514,O-6229,
Dodsworth Anne,https://raw.githubusercontent.com/bumbeishvili/Assets/master/Projects/D3/Organization%20Chart/general.jpg,Corporate,http://example.com/employee/profile,CEO office,"Ceo,tag1, tag2",false,Junior sales manager,O-6515,O-6229,
Shelley Burke,https://raw.githubusercontent.com/bumbeishvili/Assets/master/Projects/D3/Organization%20Chart/general.jpg,Corporate,http://example.com/employee/profile,CEO office,"Ceo,tag1, tag2",false,Intern,O-6516,O-6231,
Valle Saavedra,https://raw.githubusercontent.com/bumbeishvili/Assets/master/Projects/D3/Organization%20Chart/general.jpg,Corporate,http://example.com/employee/profile,CEO office,"Ceo,tag1, tag2",false,Junior Inovator,O-6517,O-6232,
Regina Murphy,https://raw.githubusercontent.com/bumbeishvili/Assets/master/Projects/D3/Organization%20Chart/general.jpg,Corporate,http://example.com/employee/profile,CEO office,"Ceo,tag1, tag2",false,Developer,O-6518,O-6232,
Mayumi Ohno,https://raw.githubusercontent.com/bumbeishvili/Assets/master/Projects/D3/Organization%20Chart/general.jpg,Corporate,http://example.com/employee/profile,CEO office,"Ceo,tag1, tag2",false,Senior developer,O-6519,O-6232,
SizePalette,https://raw.githubusercontent.com/bumbeishvili/Assets/master/Projects/D3/Organization%20Chart/general.jpg,Corporate,http://example.com/employee/profile,CEO office,"Ceo,tag1, tag2",false,System analyst,O-6520,O-6232,
Peter Wilson,https://raw.githubusercontent.com/bumbeishvili/Assets/master/Projects/D3/Organization%20Chart/general.jpg,Corporate,http://example.com/employee/profile,CEO office,"Ceo,tag1, tag2",false,Head of channels,O-6521,O-6233,
Carlos Diaz,https://raw.githubusercontent.com/bumbeishvili/Assets/master/Projects/D3/Organization%20Chart/general.jpg,Corporate,http://example.com/employee/profile,CEO office,"Ceo,tag1, tag2",false,Senior Android Developer,O-6522,O-6233,
Sven Petersen,https://raw.githubusercontent.com/bumbeishvili/Assets/master/Projects/D3/Organization%20Chart/general.jpg,Corporate,http://example.com/employee/profile,CEO office,"Ceo,tag1, tag2",false,Senior Developer,O-6523,O-6233,
Callahan Laura,https://raw.githubusercontent.com/bumbeishvili/Assets/master/Projects/D3/Organization%20Chart/general.jpg,Corporate,http://example.com/employee/profile,CEO office,"Ceo,tag1, tag2",false,Junior sales manager,O-6524,O-6238,
Dodsworth Anne,https://raw.githubusercontent.com/bumbeishvili/Assets/master/Projects/D3/Organization%20Chart/general.jpg,Corporate,http://example.com/employee/profile,CEO office,"Ceo,tag1, tag2",false,Junior sales manager,O-6525,O-6238,
Shelley Burke,https://raw.githubusercontent.com/bumbeishvili/Assets/master/Projects/D3/Organization%20Chart/general.jpg,Corporate,http://example.com/employee/profile,CEO office,"Ceo,tag1, tag2",false,Intern,O-6526,O-6240,
Valle Saavedra,https://raw.githubusercontent.com/bumbeishvili/Assets/master/Projects/D3/Organization%20Chart/general.jpg,Corporate,http://example.com/employee/profile,CEO office,"Ceo,tag1, tag2",false,Junior Inovator,O-6527,O-6241,
Regina Murphy,https://raw.githubusercontent.com/bumbeishvili/Assets/master/Projects/D3/Organization%20Chart/general.jpg,Corporate,http://example.com/employee/profile,CEO office,"Ceo,tag1, tag2",false,Developer,O-6528,O-6241,
Mayumi Ohno,https://raw.githubusercontent.com/bumbeishvili/Assets/master/Projects/D3/Organization%20Chart/general.jpg,Corporate,http://example.com/employee/profile,CEO office,"Ceo,tag1, tag2",false,Senior developer,O-6529,O-6241,
SizePalette,https://raw.githubusercontent.com/bumbeishvili/Assets/master/Projects/D3/Organization%20Chart/general.jpg,Corporate,http://example.com/employee/profile,CEO office,"Ceo,tag1, tag2",false,System analyst,O-6530,O-6241,
Peter Wilson,https://raw.githubusercontent.com/bumbeishvili/Assets/master/Projects/D3/Organization%20Chart/general.jpg,Corporate,http://example.com/employee/profile,CEO office,"Ceo,tag1, tag2",false,Head of channels,O-6531,O-6242,
Carlos Diaz,https://raw.githubusercontent.com/bumbeishvili/Assets/master/Projects/D3/Organization%20Chart/general.jpg,Corporate,http://example.com/employee/profile,CEO office,"Ceo,tag1, tag2",false,Senior Android Developer,O-6532,O-6242,
Sven Petersen,https://raw.githubusercontent.com/bumbeishvili/Assets/master/Projects/D3/Organization%20Chart/general.jpg,Corporate,http://example.com/employee/profile,CEO office,"Ceo,tag1, tag2",false,Senior Developer,O-6533,O-6242,
Callahan Laura,https://raw.githubusercontent.com/bumbeishvili/Assets/master/Projects/D3/Organization%20Chart/general.jpg,Corporate,http://example.com/employee/profile,CEO office,"Ceo,tag1, tag2",false,Junior sales manager,O-6534,O-6247,
Dodsworth Anne,https://raw.githubusercontent.com/bumbeishvili/Assets/master/Projects/D3/Organization%20Chart/general.jpg,Corporate,http://example.com/employee/profile,CEO office,"Ceo,tag1, tag2",false,Junior sales manager,O-6535,O-6247,
Shelley Burke,https://raw.githubusercontent.com/bumbeishvili/Assets/master/Projects/D3/Organization%20Chart/general.jpg,Corporate,http://example.com/employee/profile,CEO office,"Ceo,tag1, tag2",false,Intern,O-6536,O-6249,
Valle Saavedra,https://raw.githubusercontent.com/bumbeishvili/Assets/master/Projects/D3/Organization%20Chart/general.jpg,Corporate,http://example.com/employee/profile,CEO office,"Ceo,tag1, tag2",false,Junior Inovator,O-6537,O-6250,
Regina Murphy,https://raw.githubusercontent.com/bumbeishvili/Assets/master/Projects/D3/Organization%20Chart/general.jpg,Corporate,http://example.com/employee/profile,CEO office,"Ceo,tag1, tag2",false,Developer,O-6538,O-6250,
Mayumi Ohno,https://raw.githubusercontent.com/bumbeishvili/Assets/master/Projects/D3/Organization%20Chart/general.jpg,Corporate,http://example.com/employee/profile,CEO office,"Ceo,tag1, tag2",false,Senior developer,O-6539,O-6250,
SizePalette,https://raw.githubusercontent.com/bumbeishvili/Assets/master/Projects/D3/Organization%20Chart/general.jpg,Corporate,http://example.com/employee/profile,CEO office,"Ceo,tag1, tag2",false,System analyst,O-6540,O-6250,
 Leverling Janet,https://raw.githubusercontent.com/bumbeishvili/Assets/master/Projects/D3/Organization%20Chart/female.jpg,Corporate,http://example.com/employee/profile,CEO office,"Ceo,tag1, tag2",false,CTO ,O-6541,O-6251,
Fuller Andrew,https://raw.githubusercontent.com/bumbeishvili/Assets/master/Projects/D3/Organization%20Chart/general.jpg,Corporate,http://example.com/employee/profile,CEO office,"Ceo,tag1, tag2",false,Linear Manager,O-6542,O-6251,
Peacock Margaret,https://raw.githubusercontent.com/bumbeishvili/Assets/master/Projects/D3/Organization%20Chart/general.jpg,Corporate,http://example.com/employee/profile,CEO office,"Ceo,tag1, tag2",false,CEO,O-6543,O-6251,
Buchanan Steven,https://raw.githubusercontent.com/bumbeishvili/Assets/master/Projects/D3/Organization%20Chart/general.jpg,Corporate,http://example.com/employee/profile,CEO office,"Ceo,tag1, tag2",false,Head of direction,O-6544,O-6251,
Suyama Michael,https://raw.githubusercontent.com/bumbeishvili/Assets/master/Projects/D3/Organization%20Chart/general.jpg,Corporate,http://example.com/employee/profile,CEO office,"Ceo,tag1, tag2",false,Senior sales manager,O-6545,O-6251,
King Robert,https://raw.githubusercontent.com/bumbeishvili/Assets/master/Projects/D3/Organization%20Chart/general.jpg,Corporate,http://example.com/employee/profile,CEO office,"Ceo,tag1, tag2",false,Senior Sales Manager,O-6546,O-6251,
West Adam,https://raw.githubusercontent.com/bumbeishvili/Assets/master/Projects/D3/Organization%20Chart/general.jpg,Corporate,http://example.com/employee/profile,CEO office,"Ceo,tag1, tag2",false,CTO,O-6547,O-6251,
Charlotte Cooper,https://raw.githubusercontent.com/bumbeishvili/Assets/master/Projects/D3/Organization%20Chart/general.jpg,Corporate,http://example.com/employee/profile,CEO office,"Ceo,tag1, tag2",false,Senior Trader,O-6548,O-6251,
Yoshi Nagase,https://raw.githubusercontent.com/bumbeishvili/Assets/master/Projects/D3/Organization%20Chart/general.jpg,Corporate,http://example.com/employee/profile,CEO office,"Ceo,tag1, tag2",false,Head of laboratory,O-6549,O-6251,
 Leverling Janet,https://raw.githubusercontent.com/bumbeishvili/Assets/master/Projects/D3/Organization%20Chart/female.jpg,Corporate,http://example.com/employee/profile,CEO office,"Ceo,tag1, tag2",false,CTO ,O-6550,O-6253,
Fuller Andrew,https://raw.githubusercontent.com/bumbeishvili/Assets/master/Projects/D3/Organization%20Chart/general.jpg,Corporate,http://example.com/employee/profile,CEO office,"Ceo,tag1, tag2",false,Linear Manager,O-6551,O-6253,
Peacock Margaret,https://raw.githubusercontent.com/bumbeishvili/Assets/master/Projects/D3/Organization%20Chart/general.jpg,Corporate,http://example.com/employee/profile,CEO office,"Ceo,tag1, tag2",false,CEO,O-6552,O-6253,
Buchanan Steven,https://raw.githubusercontent.com/bumbeishvili/Assets/master/Projects/D3/Organization%20Chart/general.jpg,Corporate,http://example.com/employee/profile,CEO office,"Ceo,tag1, tag2",false,Head of direction,O-6553,O-6253,
Suyama Michael,https://raw.githubusercontent.com/bumbeishvili/Assets/master/Projects/D3/Organization%20Chart/general.jpg,Corporate,http://example.com/employee/profile,CEO office,"Ceo,tag1, tag2",false,Senior sales manager,O-6554,O-6253,
King Robert,https://raw.githubusercontent.com/bumbeishvili/Assets/master/Projects/D3/Organization%20Chart/general.jpg,Corporate,http://example.com/employee/profile,CEO office,"Ceo,tag1, tag2",false,Senior Sales Manager,O-6555,O-6253,
West Adam,https://raw.githubusercontent.com/bumbeishvili/Assets/master/Projects/D3/Organization%20Chart/general.jpg,Corporate,http://example.com/employee/profile,CEO office,"Ceo,tag1, tag2",false,CTO,O-6556,O-6253,
Charlotte Cooper,https://raw.githubusercontent.com/bumbeishvili/Assets/master/Projects/D3/Organization%20Chart/general.jpg,Corporate,http://example.com/employee/profile,CEO office,"Ceo,tag1, tag2",false,Senior Trader,O-6557,O-6253,
Yoshi Nagase,https://raw.githubusercontent.com/bumbeishvili/Assets/master/Projects/D3/Organization%20Chart/general.jpg,Corporate,http://example.com/employee/profile,CEO office,"Ceo,tag1, tag2",false,Head of laboratory,O-6558,O-6253,
Peter Wilson,https://raw.githubusercontent.com/bumbeishvili/Assets/master/Projects/D3/Organization%20Chart/general.jpg,Corporate,http://example.com/employee/profile,CEO office,"Ceo,tag1, tag2",false,Head of channels,O-6559,O-6258,
Carlos Diaz,https://raw.githubusercontent.com/bumbeishvili/Assets/master/Projects/D3/Organization%20Chart/general.jpg,Corporate,http://example.com/employee/profile,CEO office,"Ceo,tag1, tag2",false,Senior Android Developer,O-6560,O-6258,
Sven Petersen,https://raw.githubusercontent.com/bumbeishvili/Assets/master/Projects/D3/Organization%20Chart/general.jpg,Corporate,http://example.com/employee/profile,CEO office,"Ceo,tag1, tag2",false,Senior Developer,O-6561,O-6258,
Callahan Laura,https://raw.githubusercontent.com/bumbeishvili/Assets/master/Projects/D3/Organization%20Chart/general.jpg,Corporate,http://example.com/employee/profile,CEO office,"Ceo,tag1, tag2",false,Junior sales manager,O-6562,O-6263,
Dodsworth Anne,https://raw.githubusercontent.com/bumbeishvili/Assets/master/Projects/D3/Organization%20Chart/general.jpg,Corporate,http://example.com/employee/profile,CEO office,"Ceo,tag1, tag2",false,Junior sales manager,O-6563,O-6263,
Shelley Burke,https://raw.githubusercontent.com/bumbeishvili/Assets/master/Projects/D3/Organization%20Chart/general.jpg,Corporate,http://example.com/employee/profile,CEO office,"Ceo,tag1, tag2",false,Intern,O-6564,O-6265,
Valle Saavedra,https://raw.githubusercontent.com/bumbeishvili/Assets/master/Projects/D3/Organization%20Chart/general.jpg,Corporate,http://example.com/employee/profile,CEO office,"Ceo,tag1, tag2",false,Junior Inovator,O-6565,O-6266,
Regina Murphy,https://raw.githubusercontent.com/bumbeishvili/Assets/master/Projects/D3/Organization%20Chart/general.jpg,Corporate,http://example.com/employee/profile,CEO office,"Ceo,tag1, tag2",false,Developer,O-6566,O-6266,
Mayumi Ohno,https://raw.githubusercontent.com/bumbeishvili/Assets/master/Projects/D3/Organization%20Chart/general.jpg,Corporate,http://example.com/employee/profile,CEO office,"Ceo,tag1, tag2",false,Senior developer,O-6567,O-6266,
SizePalette,https://raw.githubusercontent.com/bumbeishvili/Assets/master/Projects/D3/Organization%20Chart/general.jpg,Corporate,http://example.com/employee/profile,CEO office,"Ceo,tag1, tag2",false,System analyst,O-6568,O-6266,
Peter Wilson,https://raw.githubusercontent.com/bumbeishvili/Assets/master/Projects/D3/Organization%20Chart/general.jpg,Corporate,http://example.com/employee/profile,CEO office,"Ceo,tag1, tag2",false,Head of channels,O-6569,O-6267,
Carlos Diaz,https://raw.githubusercontent.com/bumbeishvili/Assets/master/Projects/D3/Organization%20Chart/general.jpg,Corporate,http://example.com/employee/profile,CEO office,"Ceo,tag1, tag2",false,Senior Android Developer,O-6570,O-6267,
Sven Petersen,https://raw.githubusercontent.com/bumbeishvili/Assets/master/Projects/D3/Organization%20Chart/general.jpg,Corporate,http://example.com/employee/profile,CEO office,"Ceo,tag1, tag2",false,Senior Developer,O-6571,O-6267,
Callahan Laura,https://raw.githubusercontent.com/bumbeishvili/Assets/master/Projects/D3/Organization%20Chart/general.jpg,Corporate,http://example.com/employee/profile,CEO office,"Ceo,tag1, tag2",false,Junior sales manager,O-6572,O-6272,
Dodsworth Anne,https://raw.githubusercontent.com/bumbeishvili/Assets/master/Projects/D3/Organization%20Chart/general.jpg,Corporate,http://example.com/employee/profile,CEO office,"Ceo,tag1, tag2",false,Junior sales manager,O-6573,O-6272,
Shelley Burke,https://raw.githubusercontent.com/bumbeishvili/Assets/master/Projects/D3/Organization%20Chart/general.jpg,Corporate,http://example.com/employee/profile,CEO office,"Ceo,tag1, tag2",false,Intern,O-6574,O-6274,
Valle Saavedra,https://raw.githubusercontent.com/bumbeishvili/Assets/master/Projects/D3/Organization%20Chart/general.jpg,Corporate,http://example.com/employee/profile,CEO office,"Ceo,tag1, tag2",false,Junior Inovator,O-6575,O-6275,
Regina Murphy,https://raw.githubusercontent.com/bumbeishvili/Assets/master/Projects/D3/Organization%20Chart/general.jpg,Corporate,http://example.com/employee/profile,CEO office,"Ceo,tag1, tag2",false,Developer,O-6576,O-6275,
Mayumi Ohno,https://raw.githubusercontent.com/bumbeishvili/Assets/master/Projects/D3/Organization%20Chart/general.jpg,Corporate,http://example.com/employee/profile,CEO office,"Ceo,tag1, tag2",false,Senior developer,O-6577,O-6275,
SizePalette,https://raw.githubusercontent.com/bumbeishvili/Assets/master/Projects/D3/Organization%20Chart/general.jpg,Corporate,http://example.com/employee/profile,CEO office,"Ceo,tag1, tag2",false,System analyst,O-6578,O-6275,
Peter Wilson,https://raw.githubusercontent.com/bumbeishvili/Assets/master/Projects/D3/Organization%20Chart/general.jpg,Corporate,http://example.com/employee/profile,CEO office,"Ceo,tag1, tag2",false,Head of channels,O-6579,O-6276,
Carlos Diaz,https://raw.githubusercontent.com/bumbeishvili/Assets/master/Projects/D3/Organization%20Chart/general.jpg,Corporate,http://example.com/employee/profile,CEO office,"Ceo,tag1, tag2",false,Senior Android Developer,O-6580,O-6276,
Sven Petersen,https://raw.githubusercontent.com/bumbeishvili/Assets/master/Projects/D3/Organization%20Chart/general.jpg,Corporate,http://example.com/employee/profile,CEO office,"Ceo,tag1, tag2",false,Senior Developer,O-6581,O-6276,
 Leverling Janet,https://raw.githubusercontent.com/bumbeishvili/Assets/master/Projects/D3/Organization%20Chart/female.jpg,Corporate,http://example.com/employee/profile,CEO office,"Ceo,tag1, tag2",false,CTO ,O-6582,O-6277,
Fuller Andrew,https://raw.githubusercontent.com/bumbeishvili/Assets/master/Projects/D3/Organization%20Chart/general.jpg,Corporate,http://example.com/employee/profile,CEO office,"Ceo,tag1, tag2",false,Linear Manager,O-6583,O-6277,
Peacock Margaret,https://raw.githubusercontent.com/bumbeishvili/Assets/master/Projects/D3/Organization%20Chart/general.jpg,Corporate,http://example.com/employee/profile,CEO office,"Ceo,tag1, tag2",false,CEO,O-6584,O-6277,
Buchanan Steven,https://raw.githubusercontent.com/bumbeishvili/Assets/master/Projects/D3/Organization%20Chart/general.jpg,Corporate,http://example.com/employee/profile,CEO office,"Ceo,tag1, tag2",false,Head of direction,O-6585,O-6277,
Suyama Michael,https://raw.githubusercontent.com/bumbeishvili/Assets/master/Projects/D3/Organization%20Chart/general.jpg,Corporate,http://example.com/employee/profile,CEO office,"Ceo,tag1, tag2",false,Senior sales manager,O-6586,O-6277,
King Robert,https://raw.githubusercontent.com/bumbeishvili/Assets/master/Projects/D3/Organization%20Chart/general.jpg,Corporate,http://example.com/employee/profile,CEO office,"Ceo,tag1, tag2",false,Senior Sales Manager,O-6587,O-6277,
West Adam,https://raw.githubusercontent.com/bumbeishvili/Assets/master/Projects/D3/Organization%20Chart/general.jpg,Corporate,http://example.com/employee/profile,CEO office,"Ceo,tag1, tag2",false,CTO,O-6588,O-6277,
Charlotte Cooper,https://raw.githubusercontent.com/bumbeishvili/Assets/master/Projects/D3/Organization%20Chart/general.jpg,Corporate,http://example.com/employee/profile,CEO office,"Ceo,tag1, tag2",false,Senior Trader,O-6589,O-6277,
Yoshi Nagase,https://raw.githubusercontent.com/bumbeishvili/Assets/master/Projects/D3/Organization%20Chart/general.jpg,Corporate,http://example.com/employee/profile,CEO office,"Ceo,tag1, tag2",false,Head of laboratory,O-6590,O-6277,
Callahan Laura,https://raw.githubusercontent.com/bumbeishvili/Assets/master/Projects/D3/Organization%20Chart/general.jpg,Corporate,http://example.com/employee/profile,CEO office,"Ceo,tag1, tag2",false,Junior sales manager,O-6591,O-6281,
Dodsworth Anne,https://raw.githubusercontent.com/bumbeishvili/Assets/master/Projects/D3/Organization%20Chart/general.jpg,Corporate,http://example.com/employee/profile,CEO office,"Ceo,tag1, tag2",false,Junior sales manager,O-6592,O-6281,
Shelley Burke,https://raw.githubusercontent.com/bumbeishvili/Assets/master/Projects/D3/Organization%20Chart/general.jpg,Corporate,http://example.com/employee/profile,CEO office,"Ceo,tag1, tag2",false,Intern,O-6593,O-6283,
Valle Saavedra,https://raw.githubusercontent.com/bumbeishvili/Assets/master/Projects/D3/Organization%20Chart/general.jpg,Corporate,http://example.com/employee/profile,CEO office,"Ceo,tag1, tag2",false,Junior Inovator,O-6594,O-6284,
Regina Murphy,https://raw.githubusercontent.com/bumbeishvili/Assets/master/Projects/D3/Organization%20Chart/general.jpg,Corporate,http://example.com/employee/profile,CEO office,"Ceo,tag1, tag2",false,Developer,O-6595,O-6284,
Mayumi Ohno,https://raw.githubusercontent.com/bumbeishvili/Assets/master/Projects/D3/Organization%20Chart/general.jpg,Corporate,http://example.com/employee/profile,CEO office,"Ceo,tag1, tag2",false,Senior developer,O-6596,O-6284,
SizePalette,https://raw.githubusercontent.com/bumbeishvili/Assets/master/Projects/D3/Organization%20Chart/general.jpg,Corporate,http://example.com/employee/profile,CEO office,"Ceo,tag1, tag2",false,System analyst,O-6597,O-6284,
Peter Wilson,https://raw.githubusercontent.com/bumbeishvili/Assets/master/Projects/D3/Organization%20Chart/general.jpg,Corporate,http://example.com/employee/profile,CEO office,"Ceo,tag1, tag2",false,Head of channels,O-6598,O-6285,
Carlos Diaz,https://raw.githubusercontent.com/bumbeishvili/Assets/master/Projects/D3/Organization%20Chart/general.jpg,Corporate,http://example.com/employee/profile,CEO office,"Ceo,tag1, tag2",false,Senior Android Developer,O-6599,O-6285,
Sven Petersen,https://raw.githubusercontent.com/bumbeishvili/Assets/master/Projects/D3/Organization%20Chart/general.jpg,Corporate,http://example.com/employee/profile,CEO office,"Ceo,tag1, tag2",false,Senior Developer,O-6600,O-6285,
Callahan Laura,https://raw.githubusercontent.com/bumbeishvili/Assets/master/Projects/D3/Organization%20Chart/general.jpg,Corporate,http://example.com/employee/profile,CEO office,"Ceo,tag1, tag2",false,Junior sales manager,O-6601,O-6290,
Dodsworth Anne,https://raw.githubusercontent.com/bumbeishvili/Assets/master/Projects/D3/Organization%20Chart/general.jpg,Corporate,http://example.com/employee/profile,CEO office,"Ceo,tag1, tag2",false,Junior sales manager,O-6602,O-6290,
Shelley Burke,https://raw.githubusercontent.com/bumbeishvili/Assets/master/Projects/D3/Organization%20Chart/general.jpg,Corporate,http://example.com/employee/profile,CEO office,"Ceo,tag1, tag2",false,Intern,O-6603,O-6292,
Valle Saavedra,https://raw.githubusercontent.com/bumbeishvili/Assets/master/Projects/D3/Organization%20Chart/general.jpg,Corporate,http://example.com/employee/profile,CEO office,"Ceo,tag1, tag2",false,Junior Inovator,O-6604,O-6293,
Regina Murphy,https://raw.githubusercontent.com/bumbeishvili/Assets/master/Projects/D3/Organization%20Chart/general.jpg,Corporate,http://example.com/employee/profile,CEO office,"Ceo,tag1, tag2",false,Developer,O-6605,O-6293,
Mayumi Ohno,https://raw.githubusercontent.com/bumbeishvili/Assets/master/Projects/D3/Organization%20Chart/general.jpg,Corporate,http://example.com/employee/profile,CEO office,"Ceo,tag1, tag2",false,Senior developer,O-6606,O-6293,
SizePalette,https://raw.githubusercontent.com/bumbeishvili/Assets/master/Projects/D3/Organization%20Chart/general.jpg,Corporate,http://example.com/employee/profile,CEO office,"Ceo,tag1, tag2",false,System analyst,O-6607,O-6293,
Peter Wilson,https://raw.githubusercontent.com/bumbeishvili/Assets/master/Projects/D3/Organization%20Chart/general.jpg,Corporate,http://example.com/employee/profile,CEO office,"Ceo,tag1, tag2",false,Head of channels,O-6608,O-6294,
Carlos Diaz,https://raw.githubusercontent.com/bumbeishvili/Assets/master/Projects/D3/Organization%20Chart/general.jpg,Corporate,http://example.com/employee/profile,CEO office,"Ceo,tag1, tag2",false,Senior Android Developer,O-6609,O-6294,
Sven Petersen,https://raw.githubusercontent.com/bumbeishvili/Assets/master/Projects/D3/Organization%20Chart/general.jpg,Corporate,http://example.com/employee/profile,CEO office,"Ceo,tag1, tag2",false,Senior Developer,O-6610,O-6294,
Callahan Laura,https://raw.githubusercontent.com/bumbeishvili/Assets/master/Projects/D3/Organization%20Chart/general.jpg,Corporate,http://example.com/employee/profile,CEO office,"Ceo,tag1, tag2",false,Junior sales manager,O-6611,O-6299,
Dodsworth Anne,https://raw.githubusercontent.com/bumbeishvili/Assets/master/Projects/D3/Organization%20Chart/general.jpg,Corporate,http://example.com/employee/profile,CEO office,"Ceo,tag1, tag2",false,Junior sales manager,O-6612,O-6299,
Shelley Burke,https://raw.githubusercontent.com/bumbeishvili/Assets/master/Projects/D3/Organization%20Chart/general.jpg,Corporate,http://example.com/employee/profile,CEO office,"Ceo,tag1, tag2",false,Intern,O-6613,O-6301,
Valle Saavedra,https://raw.githubusercontent.com/bumbeishvili/Assets/master/Projects/D3/Organization%20Chart/general.jpg,Corporate,http://example.com/employee/profile,CEO office,"Ceo,tag1, tag2",false,Junior Inovator,O-6614,O-6302,
Regina Murphy,https://raw.githubusercontent.com/bumbeishvili/Assets/master/Projects/D3/Organization%20Chart/general.jpg,Corporate,http://example.com/employee/profile,CEO office,"Ceo,tag1, tag2",false,Developer,O-6615,O-6302,
Mayumi Ohno,https://raw.githubusercontent.com/bumbeishvili/Assets/master/Projects/D3/Organization%20Chart/general.jpg,Corporate,http://example.com/employee/profile,CEO office,"Ceo,tag1, tag2",false,Senior developer,O-6616,O-6302,
SizePalette,https://raw.githubusercontent.com/bumbeishvili/Assets/master/Projects/D3/Organization%20Chart/general.jpg,Corporate,http://example.com/employee/profile,CEO office,"Ceo,tag1, tag2",false,System analyst,O-6617,O-6302,
 Leverling Janet,https://raw.githubusercontent.com/bumbeishvili/Assets/master/Projects/D3/Organization%20Chart/female.jpg,Corporate,http://example.com/employee/profile,CEO office,"Ceo,tag1, tag2",false,CTO ,O-6618,O-6303,
Fuller Andrew,https://raw.githubusercontent.com/bumbeishvili/Assets/master/Projects/D3/Organization%20Chart/general.jpg,Corporate,http://example.com/employee/profile,CEO office,"Ceo,tag1, tag2",false,Linear Manager,O-6619,O-6303,
Peacock Margaret,https://raw.githubusercontent.com/bumbeishvili/Assets/master/Projects/D3/Organization%20Chart/general.jpg,Corporate,http://example.com/employee/profile,CEO office,"Ceo,tag1, tag2",false,CEO,O-6620,O-6303,
Buchanan Steven,https://raw.githubusercontent.com/bumbeishvili/Assets/master/Projects/D3/Organization%20Chart/general.jpg,Corporate,http://example.com/employee/profile,CEO office,"Ceo,tag1, tag2",false,Head of direction,O-6621,O-6303,
Suyama Michael,https://raw.githubusercontent.com/bumbeishvili/Assets/master/Projects/D3/Organization%20Chart/general.jpg,Corporate,http://example.com/employee/profile,CEO office,"Ceo,tag1, tag2",false,Senior sales manager,O-6622,O-6303,
King Robert,https://raw.githubusercontent.com/bumbeishvili/Assets/master/Projects/D3/Organization%20Chart/general.jpg,Corporate,http://example.com/employee/profile,CEO office,"Ceo,tag1, tag2",false,Senior Sales Manager,O-6623,O-6303,
West Adam,https://raw.githubusercontent.com/bumbeishvili/Assets/master/Projects/D3/Organization%20Chart/general.jpg,Corporate,http://example.com/employee/profile,CEO office,"Ceo,tag1, tag2",false,CTO,O-6624,O-6303,
Charlotte Cooper,https://raw.githubusercontent.com/bumbeishvili/Assets/master/Projects/D3/Organization%20Chart/general.jpg,Corporate,http://example.com/employee/profile,CEO office,"Ceo,tag1, tag2",false,Senior Trader,O-6625,O-6303,
Yoshi Nagase,https://raw.githubusercontent.com/bumbeishvili/Assets/master/Projects/D3/Organization%20Chart/general.jpg,Corporate,http://example.com/employee/profile,CEO office,"Ceo,tag1, tag2",false,Head of laboratory,O-6626,O-6303,
 Leverling Janet,https://raw.githubusercontent.com/bumbeishvili/Assets/master/Projects/D3/Organization%20Chart/female.jpg,Corporate,http://example.com/employee/profile,CEO office,"Ceo,tag1, tag2",false,CTO ,O-6627,O-6305,
Fuller Andrew,https://raw.githubusercontent.com/bumbeishvili/Assets/master/Projects/D3/Organization%20Chart/general.jpg,Corporate,http://example.com/employee/profile,CEO office,"Ceo,tag1, tag2",false,Linear Manager,O-6628,O-6305,
Peacock Margaret,https://raw.githubusercontent.com/bumbeishvili/Assets/master/Projects/D3/Organization%20Chart/general.jpg,Corporate,http://example.com/employee/profile,CEO office,"Ceo,tag1, tag2",false,CEO,O-6629,O-6305,
Buchanan Steven,https://raw.githubusercontent.com/bumbeishvili/Assets/master/Projects/D3/Organization%20Chart/general.jpg,Corporate,http://example.com/employee/profile,CEO office,"Ceo,tag1, tag2",false,Head of direction,O-6630,O-6305,
Suyama Michael,https://raw.githubusercontent.com/bumbeishvili/Assets/master/Projects/D3/Organization%20Chart/general.jpg,Corporate,http://example.com/employee/profile,CEO office,"Ceo,tag1, tag2",false,Senior sales manager,O-6631,O-6305,
King Robert,https://raw.githubusercontent.com/bumbeishvili/Assets/master/Projects/D3/Organization%20Chart/general.jpg,Corporate,http://example.com/employee/profile,CEO office,"Ceo,tag1, tag2",false,Senior Sales Manager,O-6632,O-6305,
West Adam,https://raw.githubusercontent.com/bumbeishvili/Assets/master/Projects/D3/Organization%20Chart/general.jpg,Corporate,http://example.com/employee/profile,CEO office,"Ceo,tag1, tag2",false,CTO,O-6633,O-6305,
Charlotte Cooper,https://raw.githubusercontent.com/bumbeishvili/Assets/master/Projects/D3/Organization%20Chart/general.jpg,Corporate,http://example.com/employee/profile,CEO office,"Ceo,tag1, tag2",false,Senior Trader,O-6634,O-6305,
Yoshi Nagase,https://raw.githubusercontent.com/bumbeishvili/Assets/master/Projects/D3/Organization%20Chart/general.jpg,Corporate,http://example.com/employee/profile,CEO office,"Ceo,tag1, tag2",false,Head of laboratory,O-6635,O-6305,
Peter Wilson,https://raw.githubusercontent.com/bumbeishvili/Assets/master/Projects/D3/Organization%20Chart/general.jpg,Corporate,http://example.com/employee/profile,CEO office,"Ceo,tag1, tag2",false,Head of channels,O-6636,O-6310,
Carlos Diaz,https://raw.githubusercontent.com/bumbeishvili/Assets/master/Projects/D3/Organization%20Chart/general.jpg,Corporate,http://example.com/employee/profile,CEO office,"Ceo,tag1, tag2",false,Senior Android Developer,O-6637,O-6310,
Sven Petersen,https://raw.githubusercontent.com/bumbeishvili/Assets/master/Projects/D3/Organization%20Chart/general.jpg,Corporate,http://example.com/employee/profile,CEO office,"Ceo,tag1, tag2",false,Senior Developer,O-6638,O-6310,
Callahan Laura,https://raw.githubusercontent.com/bumbeishvili/Assets/master/Projects/D3/Organization%20Chart/general.jpg,Corporate,http://example.com/employee/profile,CEO office,"Ceo,tag1, tag2",false,Junior sales manager,O-6639,O-6315,
Dodsworth Anne,https://raw.githubusercontent.com/bumbeishvili/Assets/master/Projects/D3/Organization%20Chart/general.jpg,Corporate,http://example.com/employee/profile,CEO office,"Ceo,tag1, tag2",false,Junior sales manager,O-6640,O-6315,
Shelley Burke,https://raw.githubusercontent.com/bumbeishvili/Assets/master/Projects/D3/Organization%20Chart/general.jpg,Corporate,http://example.com/employee/profile,CEO office,"Ceo,tag1, tag2",false,Intern,O-6641,O-6317,
Valle Saavedra,https://raw.githubusercontent.com/bumbeishvili/Assets/master/Projects/D3/Organization%20Chart/general.jpg,Corporate,http://example.com/employee/profile,CEO office,"Ceo,tag1, tag2",false,Junior Inovator,O-6642,O-6318,
Regina Murphy,https://raw.githubusercontent.com/bumbeishvili/Assets/master/Projects/D3/Organization%20Chart/general.jpg,Corporate,http://example.com/employee/profile,CEO office,"Ceo,tag1, tag2",false,Developer,O-6643,O-6318,
Mayumi Ohno,https://raw.githubusercontent.com/bumbeishvili/Assets/master/Projects/D3/Organization%20Chart/general.jpg,Corporate,http://example.com/employee/profile,CEO office,"Ceo,tag1, tag2",false,Senior developer,O-6644,O-6318,
SizePalette,https://raw.githubusercontent.com/bumbeishvili/Assets/master/Projects/D3/Organization%20Chart/general.jpg,Corporate,http://example.com/employee/profile,CEO office,"Ceo,tag1, tag2",false,System analyst,O-6645,O-6318,
Peter Wilson,https://raw.githubusercontent.com/bumbeishvili/Assets/master/Projects/D3/Organization%20Chart/general.jpg,Corporate,http://example.com/employee/profile,CEO office,"Ceo,tag1, tag2",false,Head of channels,O-6646,O-6319,
Carlos Diaz,https://raw.githubusercontent.com/bumbeishvili/Assets/master/Projects/D3/Organization%20Chart/general.jpg,Corporate,http://example.com/employee/profile,CEO office,"Ceo,tag1, tag2",false,Senior Android Developer,O-6647,O-6319,
Sven Petersen,https://raw.githubusercontent.com/bumbeishvili/Assets/master/Projects/D3/Organization%20Chart/general.jpg,Corporate,http://example.com/employee/profile,CEO office,"Ceo,tag1, tag2",false,Senior Developer,O-6648,O-6319,
Callahan Laura,https://raw.githubusercontent.com/bumbeishvili/Assets/master/Projects/D3/Organization%20Chart/general.jpg,Corporate,http://example.com/employee/profile,CEO office,"Ceo,tag1, tag2",false,Junior sales manager,O-6649,O-6324,
Dodsworth Anne,https://raw.githubusercontent.com/bumbeishvili/Assets/master/Projects/D3/Organization%20Chart/general.jpg,Corporate,http://example.com/employee/profile,CEO office,"Ceo,tag1, tag2",false,Junior sales manager,O-6650,O-6324,
Shelley Burke,https://raw.githubusercontent.com/bumbeishvili/Assets/master/Projects/D3/Organization%20Chart/general.jpg,Corporate,http://example.com/employee/profile,CEO office,"Ceo,tag1, tag2",false,Intern,O-6651,O-6326,
Valle Saavedra,https://raw.githubusercontent.com/bumbeishvili/Assets/master/Projects/D3/Organization%20Chart/general.jpg,Corporate,http://example.com/employee/profile,CEO office,"Ceo,tag1, tag2",false,Junior Inovator,O-6652,O-6327,
Regina Murphy,https://raw.githubusercontent.com/bumbeishvili/Assets/master/Projects/D3/Organization%20Chart/general.jpg,Corporate,http://example.com/employee/profile,CEO office,"Ceo,tag1, tag2",false,Developer,O-6653,O-6327,
Mayumi Ohno,https://raw.githubusercontent.com/bumbeishvili/Assets/master/Projects/D3/Organization%20Chart/general.jpg,Corporate,http://example.com/employee/profile,CEO office,"Ceo,tag1, tag2",false,Senior developer,O-6654,O-6327,
SizePalette,https://raw.githubusercontent.com/bumbeishvili/Assets/master/Projects/D3/Organization%20Chart/general.jpg,Corporate,http://example.com/employee/profile,CEO office,"Ceo,tag1, tag2",false,System analyst,O-6655,O-6327,
Peter Wilson,https://raw.githubusercontent.com/bumbeishvili/Assets/master/Projects/D3/Organization%20Chart/general.jpg,Corporate,http://example.com/employee/profile,CEO office,"Ceo,tag1, tag2",false,Head of channels,O-6656,O-6328,
Carlos Diaz,https://raw.githubusercontent.com/bumbeishvili/Assets/master/Projects/D3/Organization%20Chart/general.jpg,Corporate,http://example.com/employee/profile,CEO office,"Ceo,tag1, tag2",false,Senior Android Developer,O-6657,O-6328,
Sven Petersen,https://raw.githubusercontent.com/bumbeishvili/Assets/master/Projects/D3/Organization%20Chart/general.jpg,Corporate,http://example.com/employee/profile,CEO office,"Ceo,tag1, tag2",false,Senior Developer,O-6658,O-6328,
Callahan Laura,https://raw.githubusercontent.com/bumbeishvili/Assets/master/Projects/D3/Organization%20Chart/general.jpg,Corporate,http://example.com/employee/profile,CEO office,"Ceo,tag1, tag2",false,Junior sales manager,O-6659,O-6333,
Dodsworth Anne,https://raw.githubusercontent.com/bumbeishvili/Assets/master/Projects/D3/Organization%20Chart/general.jpg,Corporate,http://example.com/employee/profile,CEO office,"Ceo,tag1, tag2",false,Junior sales manager,O-6660,O-6333,
Shelley Burke,https://raw.githubusercontent.com/bumbeishvili/Assets/master/Projects/D3/Organization%20Chart/general.jpg,Corporate,http://example.com/employee/profile,CEO office,"Ceo,tag1, tag2",false,Intern,O-6661,O-6335,
Valle Saavedra,https://raw.githubusercontent.com/bumbeishvili/Assets/master/Projects/D3/Organization%20Chart/general.jpg,Corporate,http://example.com/employee/profile,CEO office,"Ceo,tag1, tag2",false,Junior Inovator,O-6662,O-6336,
Regina Murphy,https://raw.githubusercontent.com/bumbeishvili/Assets/master/Projects/D3/Organization%20Chart/general.jpg,Corporate,http://example.com/employee/profile,CEO office,"Ceo,tag1, tag2",false,Developer,O-6663,O-6336,
Mayumi Ohno,https://raw.githubusercontent.com/bumbeishvili/Assets/master/Projects/D3/Organization%20Chart/general.jpg,Corporate,http://example.com/employee/profile,CEO office,"Ceo,tag1, tag2",false,Senior developer,O-6664,O-6336,
SizePalette,https://raw.githubusercontent.com/bumbeishvili/Assets/master/Projects/D3/Organization%20Chart/general.jpg,Corporate,http://example.com/employee/profile,CEO office,"Ceo,tag1, tag2",false,System analyst,O-6665,O-6336,
 Leverling Janet,https://raw.githubusercontent.com/bumbeishvili/Assets/master/Projects/D3/Organization%20Chart/female.jpg,Corporate,http://example.com/employee/profile,CEO office,"Ceo,tag1, tag2",false,CTO ,O-6666,O-6337,
Fuller Andrew,https://raw.githubusercontent.com/bumbeishvili/Assets/master/Projects/D3/Organization%20Chart/general.jpg,Corporate,http://example.com/employee/profile,CEO office,"Ceo,tag1, tag2",false,Linear Manager,O-6667,O-6337,
Peacock Margaret,https://raw.githubusercontent.com/bumbeishvili/Assets/master/Projects/D3/Organization%20Chart/general.jpg,Corporate,http://example.com/employee/profile,CEO office,"Ceo,tag1, tag2",false,CEO,O-6668,O-6337,
Buchanan Steven,https://raw.githubusercontent.com/bumbeishvili/Assets/master/Projects/D3/Organization%20Chart/general.jpg,Corporate,http://example.com/employee/profile,CEO office,"Ceo,tag1, tag2",false,Head of direction,O-6669,O-6337,
Suyama Michael,https://raw.githubusercontent.com/bumbeishvili/Assets/master/Projects/D3/Organization%20Chart/general.jpg,Corporate,http://example.com/employee/profile,CEO office,"Ceo,tag1, tag2",false,Senior sales manager,O-6670,O-6337,
King Robert,https://raw.githubusercontent.com/bumbeishvili/Assets/master/Projects/D3/Organization%20Chart/general.jpg,Corporate,http://example.com/employee/profile,CEO office,"Ceo,tag1, tag2",false,Senior Sales Manager,O-6671,O-6337,
West Adam,https://raw.githubusercontent.com/bumbeishvili/Assets/master/Projects/D3/Organization%20Chart/general.jpg,Corporate,http://example.com/employee/profile,CEO office,"Ceo,tag1, tag2",false,CTO,O-6672,O-6337,
Charlotte Cooper,https://raw.githubusercontent.com/bumbeishvili/Assets/master/Projects/D3/Organization%20Chart/general.jpg,Corporate,http://example.com/employee/profile,CEO office,"Ceo,tag1, tag2",false,Senior Trader,O-6673,O-6337,
Yoshi Nagase,https://raw.githubusercontent.com/bumbeishvili/Assets/master/Projects/D3/Organization%20Chart/general.jpg,Corporate,http://example.com/employee/profile,CEO office,"Ceo,tag1, tag2",false,Head of laboratory,O-6674,O-6337,
 Leverling Janet,https://raw.githubusercontent.com/bumbeishvili/Assets/master/Projects/D3/Organization%20Chart/female.jpg,Corporate,http://example.com/employee/profile,CEO office,"Ceo,tag1, tag2",false,CTO ,O-6675,O-6339,
Fuller Andrew,https://raw.githubusercontent.com/bumbeishvili/Assets/master/Projects/D3/Organization%20Chart/general.jpg,Corporate,http://example.com/employee/profile,CEO office,"Ceo,tag1, tag2",false,Linear Manager,O-6676,O-6339,
Peacock Margaret,https://raw.githubusercontent.com/bumbeishvili/Assets/master/Projects/D3/Organization%20Chart/general.jpg,Corporate,http://example.com/employee/profile,CEO office,"Ceo,tag1, tag2",false,CEO,O-6677,O-6339,
Buchanan Steven,https://raw.githubusercontent.com/bumbeishvili/Assets/master/Projects/D3/Organization%20Chart/general.jpg,Corporate,http://example.com/employee/profile,CEO office,"Ceo,tag1, tag2",false,Head of direction,O-6678,O-6339,
Suyama Michael,https://raw.githubusercontent.com/bumbeishvili/Assets/master/Projects/D3/Organization%20Chart/general.jpg,Corporate,http://example.com/employee/profile,CEO office,"Ceo,tag1, tag2",false,Senior sales manager,O-6679,O-6339,
King Robert,https://raw.githubusercontent.com/bumbeishvili/Assets/master/Projects/D3/Organization%20Chart/general.jpg,Corporate,http://example.com/employee/profile,CEO office,"Ceo,tag1, tag2",false,Senior Sales Manager,O-6680,O-6339,
West Adam,https://raw.githubusercontent.com/bumbeishvili/Assets/master/Projects/D3/Organization%20Chart/general.jpg,Corporate,http://example.com/employee/profile,CEO office,"Ceo,tag1, tag2",false,CTO,O-6681,O-6339,
Charlotte Cooper,https://raw.githubusercontent.com/bumbeishvili/Assets/master/Projects/D3/Organization%20Chart/general.jpg,Corporate,http://example.com/employee/profile,CEO office,"Ceo,tag1, tag2",false,Senior Trader,O-6682,O-6339,
Yoshi Nagase,https://raw.githubusercontent.com/bumbeishvili/Assets/master/Projects/D3/Organization%20Chart/general.jpg,Corporate,http://example.com/employee/profile,CEO office,"Ceo,tag1, tag2",false,Head of laboratory,O-6683,O-6339,
Peter Wilson,https://raw.githubusercontent.com/bumbeishvili/Assets/master/Projects/D3/Organization%20Chart/general.jpg,Corporate,http://example.com/employee/profile,CEO office,"Ceo,tag1, tag2",false,Head of channels,O-6684,O-6344,
Carlos Diaz,https://raw.githubusercontent.com/bumbeishvili/Assets/master/Projects/D3/Organization%20Chart/general.jpg,Corporate,http://example.com/employee/profile,CEO office,"Ceo,tag1, tag2",false,Senior Android Developer,O-6685,O-6344,
Sven Petersen,https://raw.githubusercontent.com/bumbeishvili/Assets/master/Projects/D3/Organization%20Chart/general.jpg,Corporate,http://example.com/employee/profile,CEO office,"Ceo,tag1, tag2",false,Senior Developer,O-6686,O-6344,
Callahan Laura,https://raw.githubusercontent.com/bumbeishvili/Assets/master/Projects/D3/Organization%20Chart/general.jpg,Corporate,http://example.com/employee/profile,CEO office,"Ceo,tag1, tag2",false,Junior sales manager,O-6687,O-6349,
Dodsworth Anne,https://raw.githubusercontent.com/bumbeishvili/Assets/master/Projects/D3/Organization%20Chart/general.jpg,Corporate,http://example.com/employee/profile,CEO office,"Ceo,tag1, tag2",false,Junior sales manager,O-6688,O-6349,
Shelley Burke,https://raw.githubusercontent.com/bumbeishvili/Assets/master/Projects/D3/Organization%20Chart/general.jpg,Corporate,http://example.com/employee/profile,CEO office,"Ceo,tag1, tag2",false,Intern,O-6689,O-6351,
Valle Saavedra,https://raw.githubusercontent.com/bumbeishvili/Assets/master/Projects/D3/Organization%20Chart/general.jpg,Corporate,http://example.com/employee/profile,CEO office,"Ceo,tag1, tag2",false,Junior Inovator,O-6690,O-6352,
Regina Murphy,https://raw.githubusercontent.com/bumbeishvili/Assets/master/Projects/D3/Organization%20Chart/general.jpg,Corporate,http://example.com/employee/profile,CEO office,"Ceo,tag1, tag2",false,Developer,O-6691,O-6352,
Mayumi Ohno,https://raw.githubusercontent.com/bumbeishvili/Assets/master/Projects/D3/Organization%20Chart/general.jpg,Corporate,http://example.com/employee/profile,CEO office,"Ceo,tag1, tag2",false,Senior developer,O-6692,O-6352,
SizePalette,https://raw.githubusercontent.com/bumbeishvili/Assets/master/Projects/D3/Organization%20Chart/general.jpg,Corporate,http://example.com/employee/profile,CEO office,"Ceo,tag1, tag2",false,System analyst,O-6693,O-6352,
Peter Wilson,https://raw.githubusercontent.com/bumbeishvili/Assets/master/Projects/D3/Organization%20Chart/general.jpg,Corporate,http://example.com/employee/profile,CEO office,"Ceo,tag1, tag2",false,Head of channels,O-6694,O-6353,
Carlos Diaz,https://raw.githubusercontent.com/bumbeishvili/Assets/master/Projects/D3/Organization%20Chart/general.jpg,Corporate,http://example.com/employee/profile,CEO office,"Ceo,tag1, tag2",false,Senior Android Developer,O-6695,O-6353,
Sven Petersen,https://raw.githubusercontent.com/bumbeishvili/Assets/master/Projects/D3/Organization%20Chart/general.jpg,Corporate,http://example.com/employee/profile,CEO office,"Ceo,tag1, tag2",false,Senior Developer,O-6696,O-6353,
Callahan Laura,https://raw.githubusercontent.com/bumbeishvili/Assets/master/Projects/D3/Organization%20Chart/general.jpg,Corporate,http://example.com/employee/profile,CEO office,"Ceo,tag1, tag2",false,Junior sales manager,O-6697,O-6358,
Dodsworth Anne,https://raw.githubusercontent.com/bumbeishvili/Assets/master/Projects/D3/Organization%20Chart/general.jpg,Corporate,http://example.com/employee/profile,CEO office,"Ceo,tag1, tag2",false,Junior sales manager,O-6698,O-6358,
Shelley Burke,https://raw.githubusercontent.com/bumbeishvili/Assets/master/Projects/D3/Organization%20Chart/general.jpg,Corporate,http://example.com/employee/profile,CEO office,"Ceo,tag1, tag2",false,Intern,O-6699,O-6360,
Valle Saavedra,https://raw.githubusercontent.com/bumbeishvili/Assets/master/Projects/D3/Organization%20Chart/general.jpg,Corporate,http://example.com/employee/profile,CEO office,"Ceo,tag1, tag2",false,Junior Inovator,O-6700,O-6361,
Regina Murphy,https://raw.githubusercontent.com/bumbeishvili/Assets/master/Projects/D3/Organization%20Chart/general.jpg,Corporate,http://example.com/employee/profile,CEO office,"Ceo,tag1, tag2",false,Developer,O-6701,O-6361,
Mayumi Ohno,https://raw.githubusercontent.com/bumbeishvili/Assets/master/Projects/D3/Organization%20Chart/general.jpg,Corporate,http://example.com/employee/profile,CEO office,"Ceo,tag1, tag2",false,Senior developer,O-6702,O-6361,
SizePalette,https://raw.githubusercontent.com/bumbeishvili/Assets/master/Projects/D3/Organization%20Chart/general.jpg,Corporate,http://example.com/employee/profile,CEO office,"Ceo,tag1, tag2",false,System analyst,O-6703,O-6361,
Peter Wilson,https://raw.githubusercontent.com/bumbeishvili/Assets/master/Projects/D3/Organization%20Chart/general.jpg,Corporate,http://example.com/employee/profile,CEO office,"Ceo,tag1, tag2",false,Head of channels,O-6704,O-6362,
Carlos Diaz,https://raw.githubusercontent.com/bumbeishvili/Assets/master/Projects/D3/Organization%20Chart/general.jpg,Corporate,http://example.com/employee/profile,CEO office,"Ceo,tag1, tag2",false,Senior Android Developer,O-6705,O-6362,
Sven Petersen,https://raw.githubusercontent.com/bumbeishvili/Assets/master/Projects/D3/Organization%20Chart/general.jpg,Corporate,http://example.com/employee/profile,CEO office,"Ceo,tag1, tag2",false,Senior Developer,O-6706,O-6362,
Callahan Laura,https://raw.githubusercontent.com/bumbeishvili/Assets/master/Projects/D3/Organization%20Chart/general.jpg,Corporate,http://example.com/employee/profile,CEO office,"Ceo,tag1, tag2",false,Junior sales manager,O-6707,O-6367,
Dodsworth Anne,https://raw.githubusercontent.com/bumbeishvili/Assets/master/Projects/D3/Organization%20Chart/general.jpg,Corporate,http://example.com/employee/profile,CEO office,"Ceo,tag1, tag2",false,Junior sales manager,O-6708,O-6367,
Shelley Burke,https://raw.githubusercontent.com/bumbeishvili/Assets/master/Projects/D3/Organization%20Chart/general.jpg,Corporate,http://example.com/employee/profile,CEO office,"Ceo,tag1, tag2",false,Intern,O-6709,O-6369,
Valle Saavedra,https://raw.githubusercontent.com/bumbeishvili/Assets/master/Projects/D3/Organization%20Chart/general.jpg,Corporate,http://example.com/employee/profile,CEO office,"Ceo,tag1, tag2",false,Junior Inovator,O-6710,O-6370,
Regina Murphy,https://raw.githubusercontent.com/bumbeishvili/Assets/master/Projects/D3/Organization%20Chart/general.jpg,Corporate,http://example.com/employee/profile,CEO office,"Ceo,tag1, tag2",false,Developer,O-6711,O-6370,
Mayumi Ohno,https://raw.githubusercontent.com/bumbeishvili/Assets/master/Projects/D3/Organization%20Chart/general.jpg,Corporate,http://example.com/employee/profile,CEO office,"Ceo,tag1, tag2",false,Senior developer,O-6712,O-6370,
SizePalette,https://raw.githubusercontent.com/bumbeishvili/Assets/master/Projects/D3/Organization%20Chart/general.jpg,Corporate,http://example.com/employee/profile,CEO office,"Ceo,tag1, tag2",false,System analyst,O-6713,O-6370,
 Leverling Janet,https://raw.githubusercontent.com/bumbeishvili/Assets/master/Projects/D3/Organization%20Chart/female.jpg,Corporate,http://example.com/employee/profile,CEO office,"Ceo,tag1, tag2",false,CTO ,O-6714,O-6371,
Fuller Andrew,https://raw.githubusercontent.com/bumbeishvili/Assets/master/Projects/D3/Organization%20Chart/general.jpg,Corporate,http://example.com/employee/profile,CEO office,"Ceo,tag1, tag2",false,Linear Manager,O-6715,O-6371,
Peacock Margaret,https://raw.githubusercontent.com/bumbeishvili/Assets/master/Projects/D3/Organization%20Chart/general.jpg,Corporate,http://example.com/employee/profile,CEO office,"Ceo,tag1, tag2",false,CEO,O-6716,O-6371,
Buchanan Steven,https://raw.githubusercontent.com/bumbeishvili/Assets/master/Projects/D3/Organization%20Chart/general.jpg,Corporate,http://example.com/employee/profile,CEO office,"Ceo,tag1, tag2",false,Head of direction,O-6717,O-6371,
Suyama Michael,https://raw.githubusercontent.com/bumbeishvili/Assets/master/Projects/D3/Organization%20Chart/general.jpg,Corporate,http://example.com/employee/profile,CEO office,"Ceo,tag1, tag2",false,Senior sales manager,O-6718,O-6371,
King Robert,https://raw.githubusercontent.com/bumbeishvili/Assets/master/Projects/D3/Organization%20Chart/general.jpg,Corporate,http://example.com/employee/profile,CEO office,"Ceo,tag1, tag2",false,Senior Sales Manager,O-6719,O-6371,
West Adam,https://raw.githubusercontent.com/bumbeishvili/Assets/master/Projects/D3/Organization%20Chart/general.jpg,Corporate,http://example.com/employee/profile,CEO office,"Ceo,tag1, tag2",false,CTO,O-6720,O-6371,
Charlotte Cooper,https://raw.githubusercontent.com/bumbeishvili/Assets/master/Projects/D3/Organization%20Chart/general.jpg,Corporate,http://example.com/employee/profile,CEO office,"Ceo,tag1, tag2",false,Senior Trader,O-6721,O-6371,
Yoshi Nagase,https://raw.githubusercontent.com/bumbeishvili/Assets/master/Projects/D3/Organization%20Chart/general.jpg,Corporate,http://example.com/employee/profile,CEO office,"Ceo,tag1, tag2",false,Head of laboratory,O-6722,O-6371,
 Leverling Janet,https://raw.githubusercontent.com/bumbeishvili/Assets/master/Projects/D3/Organization%20Chart/female.jpg,Corporate,http://example.com/employee/profile,CEO office,"Ceo,tag1, tag2",false,CTO ,O-6723,O-6373,
Fuller Andrew,https://raw.githubusercontent.com/bumbeishvili/Assets/master/Projects/D3/Organization%20Chart/general.jpg,Corporate,http://example.com/employee/profile,CEO office,"Ceo,tag1, tag2",false,Linear Manager,O-6724,O-6373,
Peacock Margaret,https://raw.githubusercontent.com/bumbeishvili/Assets/master/Projects/D3/Organization%20Chart/general.jpg,Corporate,http://example.com/employee/profile,CEO office,"Ceo,tag1, tag2",false,CEO,O-6725,O-6373,
Buchanan Steven,https://raw.githubusercontent.com/bumbeishvili/Assets/master/Projects/D3/Organization%20Chart/general.jpg,Corporate,http://example.com/employee/profile,CEO office,"Ceo,tag1, tag2",false,Head of direction,O-6726,O-6373,
Suyama Michael,https://raw.githubusercontent.com/bumbeishvili/Assets/master/Projects/D3/Organization%20Chart/general.jpg,Corporate,http://example.com/employee/profile,CEO office,"Ceo,tag1, tag2",false,Senior sales manager,O-6727,O-6373,
King Robert,https://raw.githubusercontent.com/bumbeishvili/Assets/master/Projects/D3/Organization%20Chart/general.jpg,Corporate,http://example.com/employee/profile,CEO office,"Ceo,tag1, tag2",false,Senior Sales Manager,O-6728,O-6373,
West Adam,https://raw.githubusercontent.com/bumbeishvili/Assets/master/Projects/D3/Organization%20Chart/general.jpg,Corporate,http://example.com/employee/profile,CEO office,"Ceo,tag1, tag2",false,CTO,O-6729,O-6373,
Charlotte Cooper,https://raw.githubusercontent.com/bumbeishvili/Assets/master/Projects/D3/Organization%20Chart/general.jpg,Corporate,http://example.com/employee/profile,CEO office,"Ceo,tag1, tag2",false,Senior Trader,O-6730,O-6373,
Yoshi Nagase,https://raw.githubusercontent.com/bumbeishvili/Assets/master/Projects/D3/Organization%20Chart/general.jpg,Corporate,http://example.com/employee/profile,CEO office,"Ceo,tag1, tag2",false,Head of laboratory,O-6731,O-6373,
 Leverling Janet,https://raw.githubusercontent.com/bumbeishvili/Assets/master/Projects/D3/Organization%20Chart/female.jpg,Corporate,http://example.com/employee/profile,CEO office,"Ceo,tag1, tag2",false,CTO ,O-6732,O-6378,
Fuller Andrew,https://raw.githubusercontent.com/bumbeishvili/Assets/master/Projects/D3/Organization%20Chart/general.jpg,Corporate,http://example.com/employee/profile,CEO office,"Ceo,tag1, tag2",false,Linear Manager,O-6733,O-6378,
Peacock Margaret,https://raw.githubusercontent.com/bumbeishvili/Assets/master/Projects/D3/Organization%20Chart/general.jpg,Corporate,http://example.com/employee/profile,CEO office,"Ceo,tag1, tag2",false,CEO,O-6734,O-6378,
Buchanan Steven,https://raw.githubusercontent.com/bumbeishvili/Assets/master/Projects/D3/Organization%20Chart/general.jpg,Corporate,http://example.com/employee/profile,CEO office,"Ceo,tag1, tag2",false,Head of direction,O-6735,O-6378,
Suyama Michael,https://raw.githubusercontent.com/bumbeishvili/Assets/master/Projects/D3/Organization%20Chart/general.jpg,Corporate,http://example.com/employee/profile,CEO office,"Ceo,tag1, tag2",false,Senior sales manager,O-6736,O-6378,
King Robert,https://raw.githubusercontent.com/bumbeishvili/Assets/master/Projects/D3/Organization%20Chart/general.jpg,Corporate,http://example.com/employee/profile,CEO office,"Ceo,tag1, tag2",false,Senior Sales Manager,O-6737,O-6378,
West Adam,https://raw.githubusercontent.com/bumbeishvili/Assets/master/Projects/D3/Organization%20Chart/general.jpg,Corporate,http://example.com/employee/profile,CEO office,"Ceo,tag1, tag2",false,CTO,O-6738,O-6378,
Charlotte Cooper,https://raw.githubusercontent.com/bumbeishvili/Assets/master/Projects/D3/Organization%20Chart/general.jpg,Corporate,http://example.com/employee/profile,CEO office,"Ceo,tag1, tag2",false,Senior Trader,O-6739,O-6378,
Yoshi Nagase,https://raw.githubusercontent.com/bumbeishvili/Assets/master/Projects/D3/Organization%20Chart/general.jpg,Corporate,http://example.com/employee/profile,CEO office,"Ceo,tag1, tag2",false,Head of laboratory,O-6740,O-6378,
 Leverling Janet,https://raw.githubusercontent.com/bumbeishvili/Assets/master/Projects/D3/Organization%20Chart/female.jpg,Corporate,http://example.com/employee/profile,CEO office,"Ceo,tag1, tag2",false,CTO ,O-6741,O-6379,
Fuller Andrew,https://raw.githubusercontent.com/bumbeishvili/Assets/master/Projects/D3/Organization%20Chart/general.jpg,Corporate,http://example.com/employee/profile,CEO office,"Ceo,tag1, tag2",false,Linear Manager,O-6742,O-6379,
Peacock Margaret,https://raw.githubusercontent.com/bumbeishvili/Assets/master/Projects/D3/Organization%20Chart/general.jpg,Corporate,http://example.com/employee/profile,CEO office,"Ceo,tag1, tag2",false,CEO,O-6743,O-6379,
Buchanan Steven,https://raw.githubusercontent.com/bumbeishvili/Assets/master/Projects/D3/Organization%20Chart/general.jpg,Corporate,http://example.com/employee/profile,CEO office,"Ceo,tag1, tag2",false,Head of direction,O-6744,O-6379,
Suyama Michael,https://raw.githubusercontent.com/bumbeishvili/Assets/master/Projects/D3/Organization%20Chart/general.jpg,Corporate,http://example.com/employee/profile,CEO office,"Ceo,tag1, tag2",false,Senior sales manager,O-6745,O-6379,
King Robert,https://raw.githubusercontent.com/bumbeishvili/Assets/master/Projects/D3/Organization%20Chart/general.jpg,Corporate,http://example.com/employee/profile,CEO office,"Ceo,tag1, tag2",false,Senior Sales Manager,O-6746,O-6379,
West Adam,https://raw.githubusercontent.com/bumbeishvili/Assets/master/Projects/D3/Organization%20Chart/general.jpg,Corporate,http://example.com/employee/profile,CEO office,"Ceo,tag1, tag2",false,CTO,O-6747,O-6379,
Charlotte Cooper,https://raw.githubusercontent.com/bumbeishvili/Assets/master/Projects/D3/Organization%20Chart/general.jpg,Corporate,http://example.com/employee/profile,CEO office,"Ceo,tag1, tag2",false,Senior Trader,O-6748,O-6379,
Yoshi Nagase,https://raw.githubusercontent.com/bumbeishvili/Assets/master/Projects/D3/Organization%20Chart/general.jpg,Corporate,http://example.com/employee/profile,CEO office,"Ceo,tag1, tag2",false,Head of laboratory,O-6749,O-6379,
 Leverling Janet,https://raw.githubusercontent.com/bumbeishvili/Assets/master/Projects/D3/Organization%20Chart/female.jpg,Corporate,http://example.com/employee/profile,CEO office,"Ceo,tag1, tag2",false,CTO ,O-6750,O-6380,
Fuller Andrew,https://raw.githubusercontent.com/bumbeishvili/Assets/master/Projects/D3/Organization%20Chart/general.jpg,Corporate,http://example.com/employee/profile,CEO office,"Ceo,tag1, tag2",false,Linear Manager,O-6751,O-6380,
Peacock Margaret,https://raw.githubusercontent.com/bumbeishvili/Assets/master/Projects/D3/Organization%20Chart/general.jpg,Corporate,http://example.com/employee/profile,CEO office,"Ceo,tag1, tag2",false,CEO,O-6752,O-6380,
Buchanan Steven,https://raw.githubusercontent.com/bumbeishvili/Assets/master/Projects/D3/Organization%20Chart/general.jpg,Corporate,http://example.com/employee/profile,CEO office,"Ceo,tag1, tag2",false,Head of direction,O-6753,O-6380,
Suyama Michael,https://raw.githubusercontent.com/bumbeishvili/Assets/master/Projects/D3/Organization%20Chart/general.jpg,Corporate,http://example.com/employee/profile,CEO office,"Ceo,tag1, tag2",false,Senior sales manager,O-6754,O-6380,
King Robert,https://raw.githubusercontent.com/bumbeishvili/Assets/master/Projects/D3/Organization%20Chart/general.jpg,Corporate,http://example.com/employee/profile,CEO office,"Ceo,tag1, tag2",false,Senior Sales Manager,O-6755,O-6380,
West Adam,https://raw.githubusercontent.com/bumbeishvili/Assets/master/Projects/D3/Organization%20Chart/general.jpg,Corporate,http://example.com/employee/profile,CEO office,"Ceo,tag1, tag2",false,CTO,O-6756,O-6380,
Charlotte Cooper,https://raw.githubusercontent.com/bumbeishvili/Assets/master/Projects/D3/Organization%20Chart/general.jpg,Corporate,http://example.com/employee/profile,CEO office,"Ceo,tag1, tag2",false,Senior Trader,O-6757,O-6380,
Yoshi Nagase,https://raw.githubusercontent.com/bumbeishvili/Assets/master/Projects/D3/Organization%20Chart/general.jpg,Corporate,http://example.com/employee/profile,CEO office,"Ceo,tag1, tag2",false,Head of laboratory,O-6758,O-6380,
Callahan Laura,https://raw.githubusercontent.com/bumbeishvili/Assets/master/Projects/D3/Organization%20Chart/general.jpg,Corporate,http://example.com/employee/profile,CEO office,"Ceo,tag1, tag2",false,Junior sales manager,O-6759,O-6383,
Dodsworth Anne,https://raw.githubusercontent.com/bumbeishvili/Assets/master/Projects/D3/Organization%20Chart/general.jpg,Corporate,http://example.com/employee/profile,CEO office,"Ceo,tag1, tag2",false,Junior sales manager,O-6760,O-6383,
Shelley Burke,https://raw.githubusercontent.com/bumbeishvili/Assets/master/Projects/D3/Organization%20Chart/general.jpg,Corporate,http://example.com/employee/profile,CEO office,"Ceo,tag1, tag2",false,Intern,O-6761,O-6385,
Valle Saavedra,https://raw.githubusercontent.com/bumbeishvili/Assets/master/Projects/D3/Organization%20Chart/general.jpg,Corporate,http://example.com/employee/profile,CEO office,"Ceo,tag1, tag2",false,Junior Inovator,O-6762,O-6386,
Regina Murphy,https://raw.githubusercontent.com/bumbeishvili/Assets/master/Projects/D3/Organization%20Chart/general.jpg,Corporate,http://example.com/employee/profile,CEO office,"Ceo,tag1, tag2",false,Developer,O-6763,O-6386,
Mayumi Ohno,https://raw.githubusercontent.com/bumbeishvili/Assets/master/Projects/D3/Organization%20Chart/general.jpg,Corporate,http://example.com/employee/profile,CEO office,"Ceo,tag1, tag2",false,Senior developer,O-6764,O-6386,
SizePalette,https://raw.githubusercontent.com/bumbeishvili/Assets/master/Projects/D3/Organization%20Chart/general.jpg,Corporate,http://example.com/employee/profile,CEO office,"Ceo,tag1, tag2",false,System analyst,O-6765,O-6386,
 Leverling Janet,https://raw.githubusercontent.com/bumbeishvili/Assets/master/Projects/D3/Organization%20Chart/female.jpg,Corporate,http://example.com/employee/profile,CEO office,"Ceo,tag1, tag2",false,CTO ,O-6766,O-6388,
Fuller Andrew,https://raw.githubusercontent.com/bumbeishvili/Assets/master/Projects/D3/Organization%20Chart/general.jpg,Corporate,http://example.com/employee/profile,CEO office,"Ceo,tag1, tag2",false,Linear Manager,O-6767,O-6388,
Peacock Margaret,https://raw.githubusercontent.com/bumbeishvili/Assets/master/Projects/D3/Organization%20Chart/general.jpg,Corporate,http://example.com/employee/profile,CEO office,"Ceo,tag1, tag2",false,CEO,O-6768,O-6388,
Buchanan Steven,https://raw.githubusercontent.com/bumbeishvili/Assets/master/Projects/D3/Organization%20Chart/general.jpg,Corporate,http://example.com/employee/profile,CEO office,"Ceo,tag1, tag2",false,Head of direction,O-6769,O-6388,
Suyama Michael,https://raw.githubusercontent.com/bumbeishvili/Assets/master/Projects/D3/Organization%20Chart/general.jpg,Corporate,http://example.com/employee/profile,CEO office,"Ceo,tag1, tag2",false,Senior sales manager,O-6770,O-6388,
King Robert,https://raw.githubusercontent.com/bumbeishvili/Assets/master/Projects/D3/Organization%20Chart/general.jpg,Corporate,http://example.com/employee/profile,CEO office,"Ceo,tag1, tag2",false,Senior Sales Manager,O-6771,O-6388,
West Adam,https://raw.githubusercontent.com/bumbeishvili/Assets/master/Projects/D3/Organization%20Chart/general.jpg,Corporate,http://example.com/employee/profile,CEO office,"Ceo,tag1, tag2",false,CTO,O-6772,O-6388,
Charlotte Cooper,https://raw.githubusercontent.com/bumbeishvili/Assets/master/Projects/D3/Organization%20Chart/general.jpg,Corporate,http://example.com/employee/profile,CEO office,"Ceo,tag1, tag2",false,Senior Trader,O-6773,O-6388,
Yoshi Nagase,https://raw.githubusercontent.com/bumbeishvili/Assets/master/Projects/D3/Organization%20Chart/general.jpg,Corporate,http://example.com/employee/profile,CEO office,"Ceo,tag1, tag2",false,Head of laboratory,O-6774,O-6388,
 Leverling Janet,https://raw.githubusercontent.com/bumbeishvili/Assets/master/Projects/D3/Organization%20Chart/female.jpg,Corporate,http://example.com/employee/profile,CEO office,"Ceo,tag1, tag2",false,CTO ,O-6775,O-6389,
Fuller Andrew,https://raw.githubusercontent.com/bumbeishvili/Assets/master/Projects/D3/Organization%20Chart/general.jpg,Corporate,http://example.com/employee/profile,CEO office,"Ceo,tag1, tag2",false,Linear Manager,O-6776,O-6389,
Peacock Margaret,https://raw.githubusercontent.com/bumbeishvili/Assets/master/Projects/D3/Organization%20Chart/general.jpg,Corporate,http://example.com/employee/profile,CEO office,"Ceo,tag1, tag2",false,CEO,O-6777,O-6389,
Buchanan Steven,https://raw.githubusercontent.com/bumbeishvili/Assets/master/Projects/D3/Organization%20Chart/general.jpg,Corporate,http://example.com/employee/profile,CEO office,"Ceo,tag1, tag2",false,Head of direction,O-6778,O-6389,
Suyama Michael,https://raw.githubusercontent.com/bumbeishvili/Assets/master/Projects/D3/Organization%20Chart/general.jpg,Corporate,http://example.com/employee/profile,CEO office,"Ceo,tag1, tag2",false,Senior sales manager,O-6779,O-6389,
King Robert,https://raw.githubusercontent.com/bumbeishvili/Assets/master/Projects/D3/Organization%20Chart/general.jpg,Corporate,http://example.com/employee/profile,CEO office,"Ceo,tag1, tag2",false,Senior Sales Manager,O-6780,O-6389,
West Adam,https://raw.githubusercontent.com/bumbeishvili/Assets/master/Projects/D3/Organization%20Chart/general.jpg,Corporate,http://example.com/employee/profile,CEO office,"Ceo,tag1, tag2",false,CTO,O-6781,O-6389,
Charlotte Cooper,https://raw.githubusercontent.com/bumbeishvili/Assets/master/Projects/D3/Organization%20Chart/general.jpg,Corporate,http://example.com/employee/profile,CEO office,"Ceo,tag1, tag2",false,Senior Trader,O-6782,O-6389,
Yoshi Nagase,https://raw.githubusercontent.com/bumbeishvili/Assets/master/Projects/D3/Organization%20Chart/general.jpg,Corporate,http://example.com/employee/profile,CEO office,"Ceo,tag1, tag2",false,Head of laboratory,O-6783,O-6389,
 Leverling Janet,https://raw.githubusercontent.com/bumbeishvili/Assets/master/Projects/D3/Organization%20Chart/female.jpg,Corporate,http://example.com/employee/profile,CEO office,"Ceo,tag1, tag2",false,CTO ,O-6784,O-6390,
Fuller Andrew,https://raw.githubusercontent.com/bumbeishvili/Assets/master/Projects/D3/Organization%20Chart/general.jpg,Corporate,http://example.com/employee/profile,CEO office,"Ceo,tag1, tag2",false,Linear Manager,O-6785,O-6390,
Peacock Margaret,https://raw.githubusercontent.com/bumbeishvili/Assets/master/Projects/D3/Organization%20Chart/general.jpg,Corporate,http://example.com/employee/profile,CEO office,"Ceo,tag1, tag2",false,CEO,O-6786,O-6390,
Buchanan Steven,https://raw.githubusercontent.com/bumbeishvili/Assets/master/Projects/D3/Organization%20Chart/general.jpg,Corporate,http://example.com/employee/profile,CEO office,"Ceo,tag1, tag2",false,Head of direction,O-6787,O-6390,
Suyama Michael,https://raw.githubusercontent.com/bumbeishvili/Assets/master/Projects/D3/Organization%20Chart/general.jpg,Corporate,http://example.com/employee/profile,CEO office,"Ceo,tag1, tag2",false,Senior sales manager,O-6788,O-6390,
King Robert,https://raw.githubusercontent.com/bumbeishvili/Assets/master/Projects/D3/Organization%20Chart/general.jpg,Corporate,http://example.com/employee/profile,CEO office,"Ceo,tag1, tag2",false,Senior Sales Manager,O-6789,O-6390,
West Adam,https://raw.githubusercontent.com/bumbeishvili/Assets/master/Projects/D3/Organization%20Chart/general.jpg,Corporate,http://example.com/employee/profile,CEO office,"Ceo,tag1, tag2",false,CTO,O-6790,O-6390,
Charlotte Cooper,https://raw.githubusercontent.com/bumbeishvili/Assets/master/Projects/D3/Organization%20Chart/general.jpg,Corporate,http://example.com/employee/profile,CEO office,"Ceo,tag1, tag2",false,Senior Trader,O-6791,O-6390,
Yoshi Nagase,https://raw.githubusercontent.com/bumbeishvili/Assets/master/Projects/D3/Organization%20Chart/general.jpg,Corporate,http://example.com/employee/profile,CEO office,"Ceo,tag1, tag2",false,Head of laboratory,O-6792,O-6390,
Callahan Laura,https://raw.githubusercontent.com/bumbeishvili/Assets/master/Projects/D3/Organization%20Chart/general.jpg,Corporate,http://example.com/employee/profile,CEO office,"Ceo,tag1, tag2",false,Junior sales manager,O-6793,O-6393,
Dodsworth Anne,https://raw.githubusercontent.com/bumbeishvili/Assets/master/Projects/D3/Organization%20Chart/general.jpg,Corporate,http://example.com/employee/profile,CEO office,"Ceo,tag1, tag2",false,Junior sales manager,O-6794,O-6393,
Shelley Burke,https://raw.githubusercontent.com/bumbeishvili/Assets/master/Projects/D3/Organization%20Chart/general.jpg,Corporate,http://example.com/employee/profile,CEO office,"Ceo,tag1, tag2",false,Intern,O-6795,O-6395,
Valle Saavedra,https://raw.githubusercontent.com/bumbeishvili/Assets/master/Projects/D3/Organization%20Chart/general.jpg,Corporate,http://example.com/employee/profile,CEO office,"Ceo,tag1, tag2",false,Junior Inovator,O-6796,O-6396,
Regina Murphy,https://raw.githubusercontent.com/bumbeishvili/Assets/master/Projects/D3/Organization%20Chart/general.jpg,Corporate,http://example.com/employee/profile,CEO office,"Ceo,tag1, tag2",false,Developer,O-6797,O-6396,
Mayumi Ohno,https://raw.githubusercontent.com/bumbeishvili/Assets/master/Projects/D3/Organization%20Chart/general.jpg,Corporate,http://example.com/employee/profile,CEO office,"Ceo,tag1, tag2",false,Senior developer,O-6798,O-6396,
SizePalette,https://raw.githubusercontent.com/bumbeishvili/Assets/master/Projects/D3/Organization%20Chart/general.jpg,Corporate,http://example.com/employee/profile,CEO office,"Ceo,tag1, tag2",false,System analyst,O-6799,O-6396,
Peter Wilson,https://raw.githubusercontent.com/bumbeishvili/Assets/master/Projects/D3/Organization%20Chart/general.jpg,Corporate,http://example.com/employee/profile,CEO office,"Ceo,tag1, tag2",false,Head of channels,O-6800,O-6399,
Carlos Diaz,https://raw.githubusercontent.com/bumbeishvili/Assets/master/Projects/D3/Organization%20Chart/general.jpg,Corporate,http://example.com/employee/profile,CEO office,"Ceo,tag1, tag2",false,Senior Android Developer,O-6801,O-6399,
Sven Petersen,https://raw.githubusercontent.com/bumbeishvili/Assets/master/Projects/D3/Organization%20Chart/general.jpg,Corporate,http://example.com/employee/profile,CEO office,"Ceo,tag1, tag2",false,Senior Developer,O-6802,O-6399,
Callahan Laura,https://raw.githubusercontent.com/bumbeishvili/Assets/master/Projects/D3/Organization%20Chart/general.jpg,Corporate,http://example.com/employee/profile,CEO office,"Ceo,tag1, tag2",false,Junior sales manager,O-6803,O-6404,
Dodsworth Anne,https://raw.githubusercontent.com/bumbeishvili/Assets/master/Projects/D3/Organization%20Chart/general.jpg,Corporate,http://example.com/employee/profile,CEO office,"Ceo,tag1, tag2",false,Junior sales manager,O-6804,O-6404,
Shelley Burke,https://raw.githubusercontent.com/bumbeishvili/Assets/master/Projects/D3/Organization%20Chart/general.jpg,Corporate,http://example.com/employee/profile,CEO office,"Ceo,tag1, tag2",false,Intern,O-6805,O-6406,
Valle Saavedra,https://raw.githubusercontent.com/bumbeishvili/Assets/master/Projects/D3/Organization%20Chart/general.jpg,Corporate,http://example.com/employee/profile,CEO office,"Ceo,tag1, tag2",false,Junior Inovator,O-6806,O-6407,
Regina Murphy,https://raw.githubusercontent.com/bumbeishvili/Assets/master/Projects/D3/Organization%20Chart/general.jpg,Corporate,http://example.com/employee/profile,CEO office,"Ceo,tag1, tag2",false,Developer,O-6807,O-6407,
Mayumi Ohno,https://raw.githubusercontent.com/bumbeishvili/Assets/master/Projects/D3/Organization%20Chart/general.jpg,Corporate,http://example.com/employee/profile,CEO office,"Ceo,tag1, tag2",false,Senior developer,O-6808,O-6407,
SizePalette,https://raw.githubusercontent.com/bumbeishvili/Assets/master/Projects/D3/Organization%20Chart/general.jpg,Corporate,http://example.com/employee/profile,CEO office,"Ceo,tag1, tag2",false,System analyst,O-6809,O-6407,
Peter Wilson,https://raw.githubusercontent.com/bumbeishvili/Assets/master/Projects/D3/Organization%20Chart/general.jpg,Corporate,http://example.com/employee/profile,CEO office,"Ceo,tag1, tag2",false,Head of channels,O-6810,O-6408,
Carlos Diaz,https://raw.githubusercontent.com/bumbeishvili/Assets/master/Projects/D3/Organization%20Chart/general.jpg,Corporate,http://example.com/employee/profile,CEO office,"Ceo,tag1, tag2",false,Senior Android Developer,O-6811,O-6408,
Sven Petersen,https://raw.githubusercontent.com/bumbeishvili/Assets/master/Projects/D3/Organization%20Chart/general.jpg,Corporate,http://example.com/employee/profile,CEO office,"Ceo,tag1, tag2",false,Senior Developer,O-6812,O-6408,
Callahan Laura,https://raw.githubusercontent.com/bumbeishvili/Assets/master/Projects/D3/Organization%20Chart/general.jpg,Corporate,http://example.com/employee/profile,CEO office,"Ceo,tag1, tag2",false,Junior sales manager,O-6813,O-6413,
Dodsworth Anne,https://raw.githubusercontent.com/bumbeishvili/Assets/master/Projects/D3/Organization%20Chart/general.jpg,Corporate,http://example.com/employee/profile,CEO office,"Ceo,tag1, tag2",false,Junior sales manager,O-6814,O-6413,
Shelley Burke,https://raw.githubusercontent.com/bumbeishvili/Assets/master/Projects/D3/Organization%20Chart/general.jpg,Corporate,http://example.com/employee/profile,CEO office,"Ceo,tag1, tag2",false,Intern,O-6815,O-6415,
Valle Saavedra,https://raw.githubusercontent.com/bumbeishvili/Assets/master/Projects/D3/Organization%20Chart/general.jpg,Corporate,http://example.com/employee/profile,CEO office,"Ceo,tag1, tag2",false,Junior Inovator,O-6816,O-6416,
Regina Murphy,https://raw.githubusercontent.com/bumbeishvili/Assets/master/Projects/D3/Organization%20Chart/general.jpg,Corporate,http://example.com/employee/profile,CEO office,"Ceo,tag1, tag2",false,Developer,O-6817,O-6416,
Mayumi Ohno,https://raw.githubusercontent.com/bumbeishvili/Assets/master/Projects/D3/Organization%20Chart/general.jpg,Corporate,http://example.com/employee/profile,CEO office,"Ceo,tag1, tag2",false,Senior developer,O-6818,O-6416,
SizePalette,https://raw.githubusercontent.com/bumbeishvili/Assets/master/Projects/D3/Organization%20Chart/general.jpg,Corporate,http://example.com/employee/profile,CEO office,"Ceo,tag1, tag2",false,System analyst,O-6819,O-6416,
Peter Wilson,https://raw.githubusercontent.com/bumbeishvili/Assets/master/Projects/D3/Organization%20Chart/general.jpg,Corporate,http://example.com/employee/profile,CEO office,"Ceo,tag1, tag2",false,Head of channels,O-6820,O-6417,
Carlos Diaz,https://raw.githubusercontent.com/bumbeishvili/Assets/master/Projects/D3/Organization%20Chart/general.jpg,Corporate,http://example.com/employee/profile,CEO office,"Ceo,tag1, tag2",false,Senior Android Developer,O-6821,O-6417,
Sven Petersen,https://raw.githubusercontent.com/bumbeishvili/Assets/master/Projects/D3/Organization%20Chart/general.jpg,Corporate,http://example.com/employee/profile,CEO office,"Ceo,tag1, tag2",false,Senior Developer,O-6822,O-6417,
Callahan Laura,https://raw.githubusercontent.com/bumbeishvili/Assets/master/Projects/D3/Organization%20Chart/general.jpg,Corporate,http://example.com/employee/profile,CEO office,"Ceo,tag1, tag2",false,Junior sales manager,O-6823,O-6422,
Dodsworth Anne,https://raw.githubusercontent.com/bumbeishvili/Assets/master/Projects/D3/Organization%20Chart/general.jpg,Corporate,http://example.com/employee/profile,CEO office,"Ceo,tag1, tag2",false,Junior sales manager,O-6824,O-6422,
Shelley Burke,https://raw.githubusercontent.com/bumbeishvili/Assets/master/Projects/D3/Organization%20Chart/general.jpg,Corporate,http://example.com/employee/profile,CEO office,"Ceo,tag1, tag2",false,Intern,O-6825,O-6424,
Valle Saavedra,https://raw.githubusercontent.com/bumbeishvili/Assets/master/Projects/D3/Organization%20Chart/general.jpg,Corporate,http://example.com/employee/profile,CEO office,"Ceo,tag1, tag2",false,Junior Inovator,O-6826,O-6425,
Regina Murphy,https://raw.githubusercontent.com/bumbeishvili/Assets/master/Projects/D3/Organization%20Chart/general.jpg,Corporate,http://example.com/employee/profile,CEO office,"Ceo,tag1, tag2",false,Developer,O-6827,O-6425,
Mayumi Ohno,https://raw.githubusercontent.com/bumbeishvili/Assets/master/Projects/D3/Organization%20Chart/general.jpg,Corporate,http://example.com/employee/profile,CEO office,"Ceo,tag1, tag2",false,Senior developer,O-6828,O-6425,
SizePalette,https://raw.githubusercontent.com/bumbeishvili/Assets/master/Projects/D3/Organization%20Chart/general.jpg,Corporate,http://example.com/employee/profile,CEO office,"Ceo,tag1, tag2",false,System analyst,O-6829,O-6425,
 Leverling Janet,https://raw.githubusercontent.com/bumbeishvili/Assets/master/Projects/D3/Organization%20Chart/female.jpg,Corporate,http://example.com/employee/profile,CEO office,"Ceo,tag1, tag2",false,CTO ,O-6830,O-6426,
Fuller Andrew,https://raw.githubusercontent.com/bumbeishvili/Assets/master/Projects/D3/Organization%20Chart/general.jpg,Corporate,http://example.com/employee/profile,CEO office,"Ceo,tag1, tag2",false,Linear Manager,O-6831,O-6426,
Peacock Margaret,https://raw.githubusercontent.com/bumbeishvili/Assets/master/Projects/D3/Organization%20Chart/general.jpg,Corporate,http://example.com/employee/profile,CEO office,"Ceo,tag1, tag2",false,CEO,O-6832,O-6426,
Buchanan Steven,https://raw.githubusercontent.com/bumbeishvili/Assets/master/Projects/D3/Organization%20Chart/general.jpg,Corporate,http://example.com/employee/profile,CEO office,"Ceo,tag1, tag2",false,Head of direction,O-6833,O-6426,
Suyama Michael,https://raw.githubusercontent.com/bumbeishvili/Assets/master/Projects/D3/Organization%20Chart/general.jpg,Corporate,http://example.com/employee/profile,CEO office,"Ceo,tag1, tag2",false,Senior sales manager,O-6834,O-6426,
King Robert,https://raw.githubusercontent.com/bumbeishvili/Assets/master/Projects/D3/Organization%20Chart/general.jpg,Corporate,http://example.com/employee/profile,CEO office,"Ceo,tag1, tag2",false,Senior Sales Manager,O-6835,O-6426,
West Adam,https://raw.githubusercontent.com/bumbeishvili/Assets/master/Projects/D3/Organization%20Chart/general.jpg,Corporate,http://example.com/employee/profile,CEO office,"Ceo,tag1, tag2",false,CTO,O-6836,O-6426,
Charlotte Cooper,https://raw.githubusercontent.com/bumbeishvili/Assets/master/Projects/D3/Organization%20Chart/general.jpg,Corporate,http://example.com/employee/profile,CEO office,"Ceo,tag1, tag2",false,Senior Trader,O-6837,O-6426,
Yoshi Nagase,https://raw.githubusercontent.com/bumbeishvili/Assets/master/Projects/D3/Organization%20Chart/general.jpg,Corporate,http://example.com/employee/profile,CEO office,"Ceo,tag1, tag2",false,Head of laboratory,O-6838,O-6426,
 Leverling Janet,https://raw.githubusercontent.com/bumbeishvili/Assets/master/Projects/D3/Organization%20Chart/female.jpg,Corporate,http://example.com/employee/profile,CEO office,"Ceo,tag1, tag2",false,CTO ,O-6839,O-6428,
Fuller Andrew,https://raw.githubusercontent.com/bumbeishvili/Assets/master/Projects/D3/Organization%20Chart/general.jpg,Corporate,http://example.com/employee/profile,CEO office,"Ceo,tag1, tag2",false,Linear Manager,O-6840,O-6428,
Peacock Margaret,https://raw.githubusercontent.com/bumbeishvili/Assets/master/Projects/D3/Organization%20Chart/general.jpg,Corporate,http://example.com/employee/profile,CEO office,"Ceo,tag1, tag2",false,CEO,O-6841,O-6428,
Buchanan Steven,https://raw.githubusercontent.com/bumbeishvili/Assets/master/Projects/D3/Organization%20Chart/general.jpg,Corporate,http://example.com/employee/profile,CEO office,"Ceo,tag1, tag2",false,Head of direction,O-6842,O-6428,
Suyama Michael,https://raw.githubusercontent.com/bumbeishvili/Assets/master/Projects/D3/Organization%20Chart/general.jpg,Corporate,http://example.com/employee/profile,CEO office,"Ceo,tag1, tag2",false,Senior sales manager,O-6843,O-6428,
King Robert,https://raw.githubusercontent.com/bumbeishvili/Assets/master/Projects/D3/Organization%20Chart/general.jpg,Corporate,http://example.com/employee/profile,CEO office,"Ceo,tag1, tag2",false,Senior Sales Manager,O-6844,O-6428,
West Adam,https://raw.githubusercontent.com/bumbeishvili/Assets/master/Projects/D3/Organization%20Chart/general.jpg,Corporate,http://example.com/employee/profile,CEO office,"Ceo,tag1, tag2",false,CTO,O-6845,O-6428,
Charlotte Cooper,https://raw.githubusercontent.com/bumbeishvili/Assets/master/Projects/D3/Organization%20Chart/general.jpg,Corporate,http://example.com/employee/profile,CEO office,"Ceo,tag1, tag2",false,Senior Trader,O-6846,O-6428,
Yoshi Nagase,https://raw.githubusercontent.com/bumbeishvili/Assets/master/Projects/D3/Organization%20Chart/general.jpg,Corporate,http://example.com/employee/profile,CEO office,"Ceo,tag1, tag2",false,Head of laboratory,O-6847,O-6428,
Peter Wilson,https://raw.githubusercontent.com/bumbeishvili/Assets/master/Projects/D3/Organization%20Chart/general.jpg,Corporate,http://example.com/employee/profile,CEO office,"Ceo,tag1, tag2",false,Head of channels,O-6848,O-6433,
Carlos Diaz,https://raw.githubusercontent.com/bumbeishvili/Assets/master/Projects/D3/Organization%20Chart/general.jpg,Corporate,http://example.com/employee/profile,CEO office,"Ceo,tag1, tag2",false,Senior Android Developer,O-6849,O-6433,
Sven Petersen,https://raw.githubusercontent.com/bumbeishvili/Assets/master/Projects/D3/Organization%20Chart/general.jpg,Corporate,http://example.com/employee/profile,CEO office,"Ceo,tag1, tag2",false,Senior Developer,O-6850,O-6433,
Callahan Laura,https://raw.githubusercontent.com/bumbeishvili/Assets/master/Projects/D3/Organization%20Chart/general.jpg,Corporate,http://example.com/employee/profile,CEO office,"Ceo,tag1, tag2",false,Junior sales manager,O-6851,O-6438,
Dodsworth Anne,https://raw.githubusercontent.com/bumbeishvili/Assets/master/Projects/D3/Organization%20Chart/general.jpg,Corporate,http://example.com/employee/profile,CEO office,"Ceo,tag1, tag2",false,Junior sales manager,O-6852,O-6438,
Shelley Burke,https://raw.githubusercontent.com/bumbeishvili/Assets/master/Projects/D3/Organization%20Chart/general.jpg,Corporate,http://example.com/employee/profile,CEO office,"Ceo,tag1, tag2",false,Intern,O-6853,O-6440,
Valle Saavedra,https://raw.githubusercontent.com/bumbeishvili/Assets/master/Projects/D3/Organization%20Chart/general.jpg,Corporate,http://example.com/employee/profile,CEO office,"Ceo,tag1, tag2",false,Junior Inovator,O-6854,O-6441,
Regina Murphy,https://raw.githubusercontent.com/bumbeishvili/Assets/master/Projects/D3/Organization%20Chart/general.jpg,Corporate,http://example.com/employee/profile,CEO office,"Ceo,tag1, tag2",false,Developer,O-6855,O-6441,
Mayumi Ohno,https://raw.githubusercontent.com/bumbeishvili/Assets/master/Projects/D3/Organization%20Chart/general.jpg,Corporate,http://example.com/employee/profile,CEO office,"Ceo,tag1, tag2",false,Senior developer,O-6856,O-6441,
SizePalette,https://raw.githubusercontent.com/bumbeishvili/Assets/master/Projects/D3/Organization%20Chart/general.jpg,Corporate,http://example.com/employee/profile,CEO office,"Ceo,tag1, tag2",false,System analyst,O-6857,O-6441,
Peter Wilson,https://raw.githubusercontent.com/bumbeishvili/Assets/master/Projects/D3/Organization%20Chart/general.jpg,Corporate,http://example.com/employee/profile,CEO office,"Ceo,tag1, tag2",false,Head of channels,O-6858,O-6442,
Carlos Diaz,https://raw.githubusercontent.com/bumbeishvili/Assets/master/Projects/D3/Organization%20Chart/general.jpg,Corporate,http://example.com/employee/profile,CEO office,"Ceo,tag1, tag2",false,Senior Android Developer,O-6859,O-6442,
Sven Petersen,https://raw.githubusercontent.com/bumbeishvili/Assets/master/Projects/D3/Organization%20Chart/general.jpg,Corporate,http://example.com/employee/profile,CEO office,"Ceo,tag1, tag2",false,Senior Developer,O-6860,O-6442,
Callahan Laura,https://raw.githubusercontent.com/bumbeishvili/Assets/master/Projects/D3/Organization%20Chart/general.jpg,Corporate,http://example.com/employee/profile,CEO office,"Ceo,tag1, tag2",false,Junior sales manager,O-6861,O-6447,
Dodsworth Anne,https://raw.githubusercontent.com/bumbeishvili/Assets/master/Projects/D3/Organization%20Chart/general.jpg,Corporate,http://example.com/employee/profile,CEO office,"Ceo,tag1, tag2",false,Junior sales manager,O-6862,O-6447,
Shelley Burke,https://raw.githubusercontent.com/bumbeishvili/Assets/master/Projects/D3/Organization%20Chart/general.jpg,Corporate,http://example.com/employee/profile,CEO office,"Ceo,tag1, tag2",false,Intern,O-6863,O-6449,
Valle Saavedra,https://raw.githubusercontent.com/bumbeishvili/Assets/master/Projects/D3/Organization%20Chart/general.jpg,Corporate,http://example.com/employee/profile,CEO office,"Ceo,tag1, tag2",false,Junior Inovator,O-6864,O-6450,
Regina Murphy,https://raw.githubusercontent.com/bumbeishvili/Assets/master/Projects/D3/Organization%20Chart/general.jpg,Corporate,http://example.com/employee/profile,CEO office,"Ceo,tag1, tag2",false,Developer,O-6865,O-6450,
Mayumi Ohno,https://raw.githubusercontent.com/bumbeishvili/Assets/master/Projects/D3/Organization%20Chart/general.jpg,Corporate,http://example.com/employee/profile,CEO office,"Ceo,tag1, tag2",false,Senior developer,O-6866,O-6450,
SizePalette,https://raw.githubusercontent.com/bumbeishvili/Assets/master/Projects/D3/Organization%20Chart/general.jpg,Corporate,http://example.com/employee/profile,CEO office,"Ceo,tag1, tag2",false,System analyst,O-6867,O-6450,
Peter Wilson,https://raw.githubusercontent.com/bumbeishvili/Assets/master/Projects/D3/Organization%20Chart/general.jpg,Corporate,http://example.com/employee/profile,CEO office,"Ceo,tag1, tag2",false,Head of channels,O-6868,O-6451,
Carlos Diaz,https://raw.githubusercontent.com/bumbeishvili/Assets/master/Projects/D3/Organization%20Chart/general.jpg,Corporate,http://example.com/employee/profile,CEO office,"Ceo,tag1, tag2",false,Senior Android Developer,O-6869,O-6451,
Sven Petersen,https://raw.githubusercontent.com/bumbeishvili/Assets/master/Projects/D3/Organization%20Chart/general.jpg,Corporate,http://example.com/employee/profile,CEO office,"Ceo,tag1, tag2",false,Senior Developer,O-6870,O-6451,
Callahan Laura,https://raw.githubusercontent.com/bumbeishvili/Assets/master/Projects/D3/Organization%20Chart/general.jpg,Corporate,http://example.com/employee/profile,CEO office,"Ceo,tag1, tag2",false,Junior sales manager,O-6871,O-6456,
Dodsworth Anne,https://raw.githubusercontent.com/bumbeishvili/Assets/master/Projects/D3/Organization%20Chart/general.jpg,Corporate,http://example.com/employee/profile,CEO office,"Ceo,tag1, tag2",false,Junior sales manager,O-6872,O-6456,
Shelley Burke,https://raw.githubusercontent.com/bumbeishvili/Assets/master/Projects/D3/Organization%20Chart/general.jpg,Corporate,http://example.com/employee/profile,CEO office,"Ceo,tag1, tag2",false,Intern,O-6873,O-6458,
Valle Saavedra,https://raw.githubusercontent.com/bumbeishvili/Assets/master/Projects/D3/Organization%20Chart/general.jpg,Corporate,http://example.com/employee/profile,CEO office,"Ceo,tag1, tag2",false,Junior Inovator,O-6874,O-6459,
Regina Murphy,https://raw.githubusercontent.com/bumbeishvili/Assets/master/Projects/D3/Organization%20Chart/general.jpg,Corporate,http://example.com/employee/profile,CEO office,"Ceo,tag1, tag2",false,Developer,O-6875,O-6459,
Mayumi Ohno,https://raw.githubusercontent.com/bumbeishvili/Assets/master/Projects/D3/Organization%20Chart/general.jpg,Corporate,http://example.com/employee/profile,CEO office,"Ceo,tag1, tag2",false,Senior developer,O-6876,O-6459,
SizePalette,https://raw.githubusercontent.com/bumbeishvili/Assets/master/Projects/D3/Organization%20Chart/general.jpg,Corporate,http://example.com/employee/profile,CEO office,"Ceo,tag1, tag2",false,System analyst,O-6877,O-6459,
 Leverling Janet,https://raw.githubusercontent.com/bumbeishvili/Assets/master/Projects/D3/Organization%20Chart/female.jpg,Corporate,http://example.com/employee/profile,CEO office,"Ceo,tag1, tag2",false,CTO ,O-6878,O-6460,
Fuller Andrew,https://raw.githubusercontent.com/bumbeishvili/Assets/master/Projects/D3/Organization%20Chart/general.jpg,Corporate,http://example.com/employee/profile,CEO office,"Ceo,tag1, tag2",false,Linear Manager,O-6879,O-6460,
Peacock Margaret,https://raw.githubusercontent.com/bumbeishvili/Assets/master/Projects/D3/Organization%20Chart/general.jpg,Corporate,http://example.com/employee/profile,CEO office,"Ceo,tag1, tag2",false,CEO,O-6880,O-6460,
Buchanan Steven,https://raw.githubusercontent.com/bumbeishvili/Assets/master/Projects/D3/Organization%20Chart/general.jpg,Corporate,http://example.com/employee/profile,CEO office,"Ceo,tag1, tag2",false,Head of direction,O-6881,O-6460,
Suyama Michael,https://raw.githubusercontent.com/bumbeishvili/Assets/master/Projects/D3/Organization%20Chart/general.jpg,Corporate,http://example.com/employee/profile,CEO office,"Ceo,tag1, tag2",false,Senior sales manager,O-6882,O-6460,
King Robert,https://raw.githubusercontent.com/bumbeishvili/Assets/master/Projects/D3/Organization%20Chart/general.jpg,Corporate,http://example.com/employee/profile,CEO office,"Ceo,tag1, tag2",false,Senior Sales Manager,O-6883,O-6460,
West Adam,https://raw.githubusercontent.com/bumbeishvili/Assets/master/Projects/D3/Organization%20Chart/general.jpg,Corporate,http://example.com/employee/profile,CEO office,"Ceo,tag1, tag2",false,CTO,O-6884,O-6460,
Charlotte Cooper,https://raw.githubusercontent.com/bumbeishvili/Assets/master/Projects/D3/Organization%20Chart/general.jpg,Corporate,http://example.com/employee/profile,CEO office,"Ceo,tag1, tag2",false,Senior Trader,O-6885,O-6460,
Yoshi Nagase,https://raw.githubusercontent.com/bumbeishvili/Assets/master/Projects/D3/Organization%20Chart/general.jpg,Corporate,http://example.com/employee/profile,CEO office,"Ceo,tag1, tag2",false,Head of laboratory,O-6886,O-6460,
 Leverling Janet,https://raw.githubusercontent.com/bumbeishvili/Assets/master/Projects/D3/Organization%20Chart/female.jpg,Corporate,http://example.com/employee/profile,CEO office,"Ceo,tag1, tag2",false,CTO ,O-6887,O-6462,
Fuller Andrew,https://raw.githubusercontent.com/bumbeishvili/Assets/master/Projects/D3/Organization%20Chart/general.jpg,Corporate,http://example.com/employee/profile,CEO office,"Ceo,tag1, tag2",false,Linear Manager,O-6888,O-6462,
Peacock Margaret,https://raw.githubusercontent.com/bumbeishvili/Assets/master/Projects/D3/Organization%20Chart/general.jpg,Corporate,http://example.com/employee/profile,CEO office,"Ceo,tag1, tag2",false,CEO,O-6889,O-6462,
Buchanan Steven,https://raw.githubusercontent.com/bumbeishvili/Assets/master/Projects/D3/Organization%20Chart/general.jpg,Corporate,http://example.com/employee/profile,CEO office,"Ceo,tag1, tag2",false,Head of direction,O-6890,O-6462,
Suyama Michael,https://raw.githubusercontent.com/bumbeishvili/Assets/master/Projects/D3/Organization%20Chart/general.jpg,Corporate,http://example.com/employee/profile,CEO office,"Ceo,tag1, tag2",false,Senior sales manager,O-6891,O-6462,
King Robert,https://raw.githubusercontent.com/bumbeishvili/Assets/master/Projects/D3/Organization%20Chart/general.jpg,Corporate,http://example.com/employee/profile,CEO office,"Ceo,tag1, tag2",false,Senior Sales Manager,O-6892,O-6462,
West Adam,https://raw.githubusercontent.com/bumbeishvili/Assets/master/Projects/D3/Organization%20Chart/general.jpg,Corporate,http://example.com/employee/profile,CEO office,"Ceo,tag1, tag2",false,CTO,O-6893,O-6462,
Charlotte Cooper,https://raw.githubusercontent.com/bumbeishvili/Assets/master/Projects/D3/Organization%20Chart/general.jpg,Corporate,http://example.com/employee/profile,CEO office,"Ceo,tag1, tag2",false,Senior Trader,O-6894,O-6462,
Yoshi Nagase,https://raw.githubusercontent.com/bumbeishvili/Assets/master/Projects/D3/Organization%20Chart/general.jpg,Corporate,http://example.com/employee/profile,CEO office,"Ceo,tag1, tag2",false,Head of laboratory,O-6895,O-6462,
Peter Wilson,https://raw.githubusercontent.com/bumbeishvili/Assets/master/Projects/D3/Organization%20Chart/general.jpg,Corporate,http://example.com/employee/profile,CEO office,"Ceo,tag1, tag2",false,Head of channels,O-6896,O-6472,
Carlos Diaz,https://raw.githubusercontent.com/bumbeishvili/Assets/master/Projects/D3/Organization%20Chart/general.jpg,Corporate,http://example.com/employee/profile,CEO office,"Ceo,tag1, tag2",false,Senior Android Developer,O-6897,O-6472,
Sven Petersen,https://raw.githubusercontent.com/bumbeishvili/Assets/master/Projects/D3/Organization%20Chart/general.jpg,Corporate,http://example.com/employee/profile,CEO office,"Ceo,tag1, tag2",false,Senior Developer,O-6898,O-6472,
Callahan Laura,https://raw.githubusercontent.com/bumbeishvili/Assets/master/Projects/D3/Organization%20Chart/general.jpg,Corporate,http://example.com/employee/profile,CEO office,"Ceo,tag1, tag2",false,Junior sales manager,O-6899,O-6477,
Dodsworth Anne,https://raw.githubusercontent.com/bumbeishvili/Assets/master/Projects/D3/Organization%20Chart/general.jpg,Corporate,http://example.com/employee/profile,CEO office,"Ceo,tag1, tag2",false,Junior sales manager,O-6900,O-6477,
Shelley Burke,https://raw.githubusercontent.com/bumbeishvili/Assets/master/Projects/D3/Organization%20Chart/general.jpg,Corporate,http://example.com/employee/profile,CEO office,"Ceo,tag1, tag2",false,Intern,O-6901,O-6479,
Valle Saavedra,https://raw.githubusercontent.com/bumbeishvili/Assets/master/Projects/D3/Organization%20Chart/general.jpg,Corporate,http://example.com/employee/profile,CEO office,"Ceo,tag1, tag2",false,Junior Inovator,O-6902,O-6480,
Regina Murphy,https://raw.githubusercontent.com/bumbeishvili/Assets/master/Projects/D3/Organization%20Chart/general.jpg,Corporate,http://example.com/employee/profile,CEO office,"Ceo,tag1, tag2",false,Developer,O-6903,O-6480,
Mayumi Ohno,https://raw.githubusercontent.com/bumbeishvili/Assets/master/Projects/D3/Organization%20Chart/general.jpg,Corporate,http://example.com/employee/profile,CEO office,"Ceo,tag1, tag2",false,Senior developer,O-6904,O-6480,
SizePalette,https://raw.githubusercontent.com/bumbeishvili/Assets/master/Projects/D3/Organization%20Chart/general.jpg,Corporate,http://example.com/employee/profile,CEO office,"Ceo,tag1, tag2",false,System analyst,O-6905,O-6480,
Peter Wilson,https://raw.githubusercontent.com/bumbeishvili/Assets/master/Projects/D3/Organization%20Chart/general.jpg,Corporate,http://example.com/employee/profile,CEO office,"Ceo,tag1, tag2",false,Head of channels,O-6906,O-6481,
Carlos Diaz,https://raw.githubusercontent.com/bumbeishvili/Assets/master/Projects/D3/Organization%20Chart/general.jpg,Corporate,http://example.com/employee/profile,CEO office,"Ceo,tag1, tag2",false,Senior Android Developer,O-6907,O-6481,
Sven Petersen,https://raw.githubusercontent.com/bumbeishvili/Assets/master/Projects/D3/Organization%20Chart/general.jpg,Corporate,http://example.com/employee/profile,CEO office,"Ceo,tag1, tag2",false,Senior Developer,O-6908,O-6481,
Callahan Laura,https://raw.githubusercontent.com/bumbeishvili/Assets/master/Projects/D3/Organization%20Chart/general.jpg,Corporate,http://example.com/employee/profile,CEO office,"Ceo,tag1, tag2",false,Junior sales manager,O-6909,O-6486,
Dodsworth Anne,https://raw.githubusercontent.com/bumbeishvili/Assets/master/Projects/D3/Organization%20Chart/general.jpg,Corporate,http://example.com/employee/profile,CEO office,"Ceo,tag1, tag2",false,Junior sales manager,O-6910,O-6486,
Shelley Burke,https://raw.githubusercontent.com/bumbeishvili/Assets/master/Projects/D3/Organization%20Chart/general.jpg,Corporate,http://example.com/employee/profile,CEO office,"Ceo,tag1, tag2",false,Intern,O-6911,O-6488,
Valle Saavedra,https://raw.githubusercontent.com/bumbeishvili/Assets/master/Projects/D3/Organization%20Chart/general.jpg,Corporate,http://example.com/employee/profile,CEO office,"Ceo,tag1, tag2",false,Junior Inovator,O-6912,O-6489,
Regina Murphy,https://raw.githubusercontent.com/bumbeishvili/Assets/master/Projects/D3/Organization%20Chart/general.jpg,Corporate,http://example.com/employee/profile,CEO office,"Ceo,tag1, tag2",false,Developer,O-6913,O-6489,
Mayumi Ohno,https://raw.githubusercontent.com/bumbeishvili/Assets/master/Projects/D3/Organization%20Chart/general.jpg,Corporate,http://example.com/employee/profile,CEO office,"Ceo,tag1, tag2",false,Senior developer,O-6914,O-6489,
SizePalette,https://raw.githubusercontent.com/bumbeishvili/Assets/master/Projects/D3/Organization%20Chart/general.jpg,Corporate,http://example.com/employee/profile,CEO office,"Ceo,tag1, tag2",false,System analyst,O-6915,O-6489,
Peter Wilson,https://raw.githubusercontent.com/bumbeishvili/Assets/master/Projects/D3/Organization%20Chart/general.jpg,Corporate,http://example.com/employee/profile,CEO office,"Ceo,tag1, tag2",false,Head of channels,O-6916,O-6490,
Carlos Diaz,https://raw.githubusercontent.com/bumbeishvili/Assets/master/Projects/D3/Organization%20Chart/general.jpg,Corporate,http://example.com/employee/profile,CEO office,"Ceo,tag1, tag2",false,Senior Android Developer,O-6917,O-6490,
Sven Petersen,https://raw.githubusercontent.com/bumbeishvili/Assets/master/Projects/D3/Organization%20Chart/general.jpg,Corporate,http://example.com/employee/profile,CEO office,"Ceo,tag1, tag2",false,Senior Developer,O-6918,O-6490,
Callahan Laura,https://raw.githubusercontent.com/bumbeishvili/Assets/master/Projects/D3/Organization%20Chart/general.jpg,Corporate,http://example.com/employee/profile,CEO office,"Ceo,tag1, tag2",false,Junior sales manager,O-6919,O-6495,
Dodsworth Anne,https://raw.githubusercontent.com/bumbeishvili/Assets/master/Projects/D3/Organization%20Chart/general.jpg,Corporate,http://example.com/employee/profile,CEO office,"Ceo,tag1, tag2",false,Junior sales manager,O-6920,O-6495,
Shelley Burke,https://raw.githubusercontent.com/bumbeishvili/Assets/master/Projects/D3/Organization%20Chart/general.jpg,Corporate,http://example.com/employee/profile,CEO office,"Ceo,tag1, tag2",false,Intern,O-6921,O-6497,
Valle Saavedra,https://raw.githubusercontent.com/bumbeishvili/Assets/master/Projects/D3/Organization%20Chart/general.jpg,Corporate,http://example.com/employee/profile,CEO office,"Ceo,tag1, tag2",false,Junior Inovator,O-6922,O-6498,
Regina Murphy,https://raw.githubusercontent.com/bumbeishvili/Assets/master/Projects/D3/Organization%20Chart/general.jpg,Corporate,http://example.com/employee/profile,CEO office,"Ceo,tag1, tag2",false,Developer,O-6923,O-6498,
Mayumi Ohno,https://raw.githubusercontent.com/bumbeishvili/Assets/master/Projects/D3/Organization%20Chart/general.jpg,Corporate,http://example.com/employee/profile,CEO office,"Ceo,tag1, tag2",false,Senior developer,O-6924,O-6498,
SizePalette,https://raw.githubusercontent.com/bumbeishvili/Assets/master/Projects/D3/Organization%20Chart/general.jpg,Corporate,http://example.com/employee/profile,CEO office,"Ceo,tag1, tag2",false,System analyst,O-6925,O-6498,
 Leverling Janet,https://raw.githubusercontent.com/bumbeishvili/Assets/master/Projects/D3/Organization%20Chart/female.jpg,Corporate,http://example.com/employee/profile,CEO office,"Ceo,tag1, tag2",false,CTO ,O-6926,O-6499,
Fuller Andrew,https://raw.githubusercontent.com/bumbeishvili/Assets/master/Projects/D3/Organization%20Chart/general.jpg,Corporate,http://example.com/employee/profile,CEO office,"Ceo,tag1, tag2",false,Linear Manager,O-6927,O-6499,
Peacock Margaret,https://raw.githubusercontent.com/bumbeishvili/Assets/master/Projects/D3/Organization%20Chart/general.jpg,Corporate,http://example.com/employee/profile,CEO office,"Ceo,tag1, tag2",false,CEO,O-6928,O-6499,
Buchanan Steven,https://raw.githubusercontent.com/bumbeishvili/Assets/master/Projects/D3/Organization%20Chart/general.jpg,Corporate,http://example.com/employee/profile,CEO office,"Ceo,tag1, tag2",false,Head of direction,O-6929,O-6499,
Suyama Michael,https://raw.githubusercontent.com/bumbeishvili/Assets/master/Projects/D3/Organization%20Chart/general.jpg,Corporate,http://example.com/employee/profile,CEO office,"Ceo,tag1, tag2",false,Senior sales manager,O-6930,O-6499,
King Robert,https://raw.githubusercontent.com/bumbeishvili/Assets/master/Projects/D3/Organization%20Chart/general.jpg,Corporate,http://example.com/employee/profile,CEO office,"Ceo,tag1, tag2",false,Senior Sales Manager,O-6931,O-6499,
West Adam,https://raw.githubusercontent.com/bumbeishvili/Assets/master/Projects/D3/Organization%20Chart/general.jpg,Corporate,http://example.com/employee/profile,CEO office,"Ceo,tag1, tag2",false,CTO,O-6932,O-6499,
Charlotte Cooper,https://raw.githubusercontent.com/bumbeishvili/Assets/master/Projects/D3/Organization%20Chart/general.jpg,Corporate,http://example.com/employee/profile,CEO office,"Ceo,tag1, tag2",false,Senior Trader,O-6933,O-6499,
Yoshi Nagase,https://raw.githubusercontent.com/bumbeishvili/Assets/master/Projects/D3/Organization%20Chart/general.jpg,Corporate,http://example.com/employee/profile,CEO office,"Ceo,tag1, tag2",false,Head of laboratory,O-6934,O-6499,
 Leverling Janet,https://raw.githubusercontent.com/bumbeishvili/Assets/master/Projects/D3/Organization%20Chart/female.jpg,Corporate,http://example.com/employee/profile,CEO office,"Ceo,tag1, tag2",false,CTO ,O-6935,O-6501,
Fuller Andrew,https://raw.githubusercontent.com/bumbeishvili/Assets/master/Projects/D3/Organization%20Chart/general.jpg,Corporate,http://example.com/employee/profile,CEO office,"Ceo,tag1, tag2",false,Linear Manager,O-6936,O-6501,
Peacock Margaret,https://raw.githubusercontent.com/bumbeishvili/Assets/master/Projects/D3/Organization%20Chart/general.jpg,Corporate,http://example.com/employee/profile,CEO office,"Ceo,tag1, tag2",false,CEO,O-6937,O-6501,
Buchanan Steven,https://raw.githubusercontent.com/bumbeishvili/Assets/master/Projects/D3/Organization%20Chart/general.jpg,Corporate,http://example.com/employee/profile,CEO office,"Ceo,tag1, tag2",false,Head of direction,O-6938,O-6501,
Suyama Michael,https://raw.githubusercontent.com/bumbeishvili/Assets/master/Projects/D3/Organization%20Chart/general.jpg,Corporate,http://example.com/employee/profile,CEO office,"Ceo,tag1, tag2",false,Senior sales manager,O-6939,O-6501,
King Robert,https://raw.githubusercontent.com/bumbeishvili/Assets/master/Projects/D3/Organization%20Chart/general.jpg,Corporate,http://example.com/employee/profile,CEO office,"Ceo,tag1, tag2",false,Senior Sales Manager,O-6940,O-6501,
West Adam,https://raw.githubusercontent.com/bumbeishvili/Assets/master/Projects/D3/Organization%20Chart/general.jpg,Corporate,http://example.com/employee/profile,CEO office,"Ceo,tag1, tag2",false,CTO,O-6941,O-6501,
Charlotte Cooper,https://raw.githubusercontent.com/bumbeishvili/Assets/master/Projects/D3/Organization%20Chart/general.jpg,Corporate,http://example.com/employee/profile,CEO office,"Ceo,tag1, tag2",false,Senior Trader,O-6942,O-6501,
Yoshi Nagase,https://raw.githubusercontent.com/bumbeishvili/Assets/master/Projects/D3/Organization%20Chart/general.jpg,Corporate,http://example.com/employee/profile,CEO office,"Ceo,tag1, tag2",false,Head of laboratory,O-6943,O-6501,
 Lars Peterson,https://raw.githubusercontent.com/bumbeishvili/Assets/master/Projects/D3/Organization%20Chart/general.jpg,Corporate,http://example.com/employee/profile,CEO office,"Ceo,tag1, tag2",false,Anakyst Developer,O-6944,O-6511,
 Petra Winkler,https://raw.githubusercontent.com/bumbeishvili/Assets/master/Projects/D3/Organization%20Chart/general.jpg,Corporate,http://example.com/employee/profile,CEO office,"Ceo,tag1, tag2",false,Android Developer,O-6945,O-6512,
Martin Bein,https://raw.githubusercontent.com/bumbeishvili/Assets/master/Projects/D3/Organization%20Chart/general.jpg,Corporate,http://example.com/employee/profile,CEO office,"Ceo,tag1, tag2",false,Ios Developer,O-6946,O-6512,2023
Current User,https://raw.githubusercontent.com/bumbeishvili/Assets/master/Projects/D3/Organization%20Chart/bean.png,Corporate,http://example.com/employee/profile,CEO office,"Ceo,tag1, tag2",false,Web Developer,O-6947,O-6513,
Beate Vileid,https://raw.githubusercontent.com/bumbeishvili/Assets/master/Projects/D3/Organization%20Chart/general.jpg,Corporate,http://example.com/employee/profile,CEO office,"Ceo,tag1, tag2",false,Junior Developer,O-6948,O-6513,
 Lars Peterson,https://raw.githubusercontent.com/bumbeishvili/Assets/master/Projects/D3/Organization%20Chart/general.jpg,Corporate,http://example.com/employee/profile,CEO office,"Ceo,tag1, tag2",false,Anakyst Developer,O-6949,O-6521,
 Petra Winkler,https://raw.githubusercontent.com/bumbeishvili/Assets/master/Projects/D3/Organization%20Chart/general.jpg,Corporate,http://example.com/employee/profile,CEO office,"Ceo,tag1, tag2",false,Android Developer,O-6950,O-6522,
Martin Bein,https://raw.githubusercontent.com/bumbeishvili/Assets/master/Projects/D3/Organization%20Chart/general.jpg,Corporate,http://example.com/employee/profile,CEO office,"Ceo,tag1, tag2",false,Ios Developer,O-6951,O-6522,2023
Current User,https://raw.githubusercontent.com/bumbeishvili/Assets/master/Projects/D3/Organization%20Chart/bean.png,Corporate,http://example.com/employee/profile,CEO office,"Ceo,tag1, tag2",false,Web Developer,O-6952,O-6523,
Beate Vileid,https://raw.githubusercontent.com/bumbeishvili/Assets/master/Projects/D3/Organization%20Chart/general.jpg,Corporate,http://example.com/employee/profile,CEO office,"Ceo,tag1, tag2",false,Junior Developer,O-6953,O-6523,
 Lars Peterson,https://raw.githubusercontent.com/bumbeishvili/Assets/master/Projects/D3/Organization%20Chart/general.jpg,Corporate,http://example.com/employee/profile,CEO office,"Ceo,tag1, tag2",false,Anakyst Developer,O-6954,O-6531,
 Petra Winkler,https://raw.githubusercontent.com/bumbeishvili/Assets/master/Projects/D3/Organization%20Chart/general.jpg,Corporate,http://example.com/employee/profile,CEO office,"Ceo,tag1, tag2",false,Android Developer,O-6955,O-6532,
Martin Bein,https://raw.githubusercontent.com/bumbeishvili/Assets/master/Projects/D3/Organization%20Chart/general.jpg,Corporate,http://example.com/employee/profile,CEO office,"Ceo,tag1, tag2",false,Ios Developer,O-6956,O-6532,2023
Current User,https://raw.githubusercontent.com/bumbeishvili/Assets/master/Projects/D3/Organization%20Chart/bean.png,Corporate,http://example.com/employee/profile,CEO office,"Ceo,tag1, tag2",false,Web Developer,O-6957,O-6533,
Beate Vileid,https://raw.githubusercontent.com/bumbeishvili/Assets/master/Projects/D3/Organization%20Chart/general.jpg,Corporate,http://example.com/employee/profile,CEO office,"Ceo,tag1, tag2",false,Junior Developer,O-6958,O-6533,
Peter Wilson,https://raw.githubusercontent.com/bumbeishvili/Assets/master/Projects/D3/Organization%20Chart/general.jpg,Corporate,http://example.com/employee/profile,CEO office,"Ceo,tag1, tag2",false,Head of channels,O-6959,O-6541,
Carlos Diaz,https://raw.githubusercontent.com/bumbeishvili/Assets/master/Projects/D3/Organization%20Chart/general.jpg,Corporate,http://example.com/employee/profile,CEO office,"Ceo,tag1, tag2",false,Senior Android Developer,O-6960,O-6541,
Sven Petersen,https://raw.githubusercontent.com/bumbeishvili/Assets/master/Projects/D3/Organization%20Chart/general.jpg,Corporate,http://example.com/employee/profile,CEO office,"Ceo,tag1, tag2",false,Senior Developer,O-6961,O-6541,
Callahan Laura,https://raw.githubusercontent.com/bumbeishvili/Assets/master/Projects/D3/Organization%20Chart/general.jpg,Corporate,http://example.com/employee/profile,CEO office,"Ceo,tag1, tag2",false,Junior sales manager,O-6962,O-6546,
Dodsworth Anne,https://raw.githubusercontent.com/bumbeishvili/Assets/master/Projects/D3/Organization%20Chart/general.jpg,Corporate,http://example.com/employee/profile,CEO office,"Ceo,tag1, tag2",false,Junior sales manager,O-6963,O-6546,
Shelley Burke,https://raw.githubusercontent.com/bumbeishvili/Assets/master/Projects/D3/Organization%20Chart/general.jpg,Corporate,http://example.com/employee/profile,CEO office,"Ceo,tag1, tag2",false,Intern,O-6964,O-6548,
Valle Saavedra,https://raw.githubusercontent.com/bumbeishvili/Assets/master/Projects/D3/Organization%20Chart/general.jpg,Corporate,http://example.com/employee/profile,CEO office,"Ceo,tag1, tag2",false,Junior Inovator,O-6965,O-6549,
Regina Murphy,https://raw.githubusercontent.com/bumbeishvili/Assets/master/Projects/D3/Organization%20Chart/general.jpg,Corporate,http://example.com/employee/profile,CEO office,"Ceo,tag1, tag2",false,Developer,O-6966,O-6549,
Mayumi Ohno,https://raw.githubusercontent.com/bumbeishvili/Assets/master/Projects/D3/Organization%20Chart/general.jpg,Corporate,http://example.com/employee/profile,CEO office,"Ceo,tag1, tag2",false,Senior developer,O-6967,O-6549,
SizePalette,https://raw.githubusercontent.com/bumbeishvili/Assets/master/Projects/D3/Organization%20Chart/general.jpg,Corporate,http://example.com/employee/profile,CEO office,"Ceo,tag1, tag2",false,System analyst,O-6968,O-6549,
Peter Wilson,https://raw.githubusercontent.com/bumbeishvili/Assets/master/Projects/D3/Organization%20Chart/general.jpg,Corporate,http://example.com/employee/profile,CEO office,"Ceo,tag1, tag2",false,Head of channels,O-6969,O-6550,
Carlos Diaz,https://raw.githubusercontent.com/bumbeishvili/Assets/master/Projects/D3/Organization%20Chart/general.jpg,Corporate,http://example.com/employee/profile,CEO office,"Ceo,tag1, tag2",false,Senior Android Developer,O-6970,O-6550,
Sven Petersen,https://raw.githubusercontent.com/bumbeishvili/Assets/master/Projects/D3/Organization%20Chart/general.jpg,Corporate,http://example.com/employee/profile,CEO office,"Ceo,tag1, tag2",false,Senior Developer,O-6971,O-6550,
Callahan Laura,https://raw.githubusercontent.com/bumbeishvili/Assets/master/Projects/D3/Organization%20Chart/general.jpg,Corporate,http://example.com/employee/profile,CEO office,"Ceo,tag1, tag2",false,Junior sales manager,O-6972,O-6555,
Dodsworth Anne,https://raw.githubusercontent.com/bumbeishvili/Assets/master/Projects/D3/Organization%20Chart/general.jpg,Corporate,http://example.com/employee/profile,CEO office,"Ceo,tag1, tag2",false,Junior sales manager,O-6973,O-6555,
Shelley Burke,https://raw.githubusercontent.com/bumbeishvili/Assets/master/Projects/D3/Organization%20Chart/general.jpg,Corporate,http://example.com/employee/profile,CEO office,"Ceo,tag1, tag2",false,Intern,O-6974,O-6557,
Valle Saavedra,https://raw.githubusercontent.com/bumbeishvili/Assets/master/Projects/D3/Organization%20Chart/general.jpg,Corporate,http://example.com/employee/profile,CEO office,"Ceo,tag1, tag2",false,Junior Inovator,O-6975,O-6558,
Regina Murphy,https://raw.githubusercontent.com/bumbeishvili/Assets/master/Projects/D3/Organization%20Chart/general.jpg,Corporate,http://example.com/employee/profile,CEO office,"Ceo,tag1, tag2",false,Developer,O-6976,O-6558,
Mayumi Ohno,https://raw.githubusercontent.com/bumbeishvili/Assets/master/Projects/D3/Organization%20Chart/general.jpg,Corporate,http://example.com/employee/profile,CEO office,"Ceo,tag1, tag2",false,Senior developer,O-6977,O-6558,
SizePalette,https://raw.githubusercontent.com/bumbeishvili/Assets/master/Projects/D3/Organization%20Chart/general.jpg,Corporate,http://example.com/employee/profile,CEO office,"Ceo,tag1, tag2",false,System analyst,O-6978,O-6558,
 Lars Peterson,https://raw.githubusercontent.com/bumbeishvili/Assets/master/Projects/D3/Organization%20Chart/general.jpg,Corporate,http://example.com/employee/profile,CEO office,"Ceo,tag1, tag2",false,Anakyst Developer,O-6979,O-6559,
 Petra Winkler,https://raw.githubusercontent.com/bumbeishvili/Assets/master/Projects/D3/Organization%20Chart/general.jpg,Corporate,http://example.com/employee/profile,CEO office,"Ceo,tag1, tag2",false,Android Developer,O-6980,O-6560,
Martin Bein,https://raw.githubusercontent.com/bumbeishvili/Assets/master/Projects/D3/Organization%20Chart/general.jpg,Corporate,http://example.com/employee/profile,CEO office,"Ceo,tag1, tag2",false,Ios Developer,O-6981,O-6560,2023
Current User,https://raw.githubusercontent.com/bumbeishvili/Assets/master/Projects/D3/Organization%20Chart/bean.png,Corporate,http://example.com/employee/profile,CEO office,"Ceo,tag1, tag2",false,Web Developer,O-6982,O-6561,
Beate Vileid,https://raw.githubusercontent.com/bumbeishvili/Assets/master/Projects/D3/Organization%20Chart/general.jpg,Corporate,http://example.com/employee/profile,CEO office,"Ceo,tag1, tag2",false,Junior Developer,O-6983,O-6561,
 Lars Peterson,https://raw.githubusercontent.com/bumbeishvili/Assets/master/Projects/D3/Organization%20Chart/general.jpg,Corporate,http://example.com/employee/profile,CEO office,"Ceo,tag1, tag2",false,Anakyst Developer,O-6984,O-6569,
 Petra Winkler,https://raw.githubusercontent.com/bumbeishvili/Assets/master/Projects/D3/Organization%20Chart/general.jpg,Corporate,http://example.com/employee/profile,CEO office,"Ceo,tag1, tag2",false,Android Developer,O-6985,O-6570,
Martin Bein,https://raw.githubusercontent.com/bumbeishvili/Assets/master/Projects/D3/Organization%20Chart/general.jpg,Corporate,http://example.com/employee/profile,CEO office,"Ceo,tag1, tag2",false,Ios Developer,O-6986,O-6570,2023
Current User,https://raw.githubusercontent.com/bumbeishvili/Assets/master/Projects/D3/Organization%20Chart/bean.png,Corporate,http://example.com/employee/profile,CEO office,"Ceo,tag1, tag2",false,Web Developer,O-6987,O-6571,
Beate Vileid,https://raw.githubusercontent.com/bumbeishvili/Assets/master/Projects/D3/Organization%20Chart/general.jpg,Corporate,http://example.com/employee/profile,CEO office,"Ceo,tag1, tag2",false,Junior Developer,O-6988,O-6571,
 Lars Peterson,https://raw.githubusercontent.com/bumbeishvili/Assets/master/Projects/D3/Organization%20Chart/general.jpg,Corporate,http://example.com/employee/profile,CEO office,"Ceo,tag1, tag2",false,Anakyst Developer,O-6989,O-6579,
 Petra Winkler,https://raw.githubusercontent.com/bumbeishvili/Assets/master/Projects/D3/Organization%20Chart/general.jpg,Corporate,http://example.com/employee/profile,CEO office,"Ceo,tag1, tag2",false,Android Developer,O-6990,O-6580,
Martin Bein,https://raw.githubusercontent.com/bumbeishvili/Assets/master/Projects/D3/Organization%20Chart/general.jpg,Corporate,http://example.com/employee/profile,CEO office,"Ceo,tag1, tag2",false,Ios Developer,O-6991,O-6580,2023
Current User,https://raw.githubusercontent.com/bumbeishvili/Assets/master/Projects/D3/Organization%20Chart/bean.png,Corporate,http://example.com/employee/profile,CEO office,"Ceo,tag1, tag2",false,Web Developer,O-6992,O-6581,
Beate Vileid,https://raw.githubusercontent.com/bumbeishvili/Assets/master/Projects/D3/Organization%20Chart/general.jpg,Corporate,http://example.com/employee/profile,CEO office,"Ceo,tag1, tag2",false,Junior Developer,O-6993,O-6581,
 Leverling Janet,https://raw.githubusercontent.com/bumbeishvili/Assets/master/Projects/D3/Organization%20Chart/female.jpg,Corporate,http://example.com/employee/profile,CEO office,"Ceo,tag1, tag2",false,CTO ,O-6994,O-6582,
Fuller Andrew,https://raw.githubusercontent.com/bumbeishvili/Assets/master/Projects/D3/Organization%20Chart/general.jpg,Corporate,http://example.com/employee/profile,CEO office,"Ceo,tag1, tag2",false,Linear Manager,O-6995,O-6582,
Peacock Margaret,https://raw.githubusercontent.com/bumbeishvili/Assets/master/Projects/D3/Organization%20Chart/general.jpg,Corporate,http://example.com/employee/profile,CEO office,"Ceo,tag1, tag2",false,CEO,O-6996,O-6582,
Buchanan Steven,https://raw.githubusercontent.com/bumbeishvili/Assets/master/Projects/D3/Organization%20Chart/general.jpg,Corporate,http://example.com/employee/profile,CEO office,"Ceo,tag1, tag2",false,Head of direction,O-6997,O-6582,
Suyama Michael,https://raw.githubusercontent.com/bumbeishvili/Assets/master/Projects/D3/Organization%20Chart/general.jpg,Corporate,http://example.com/employee/profile,CEO office,"Ceo,tag1, tag2",false,Senior sales manager,O-6998,O-6582,
King Robert,https://raw.githubusercontent.com/bumbeishvili/Assets/master/Projects/D3/Organization%20Chart/general.jpg,Corporate,http://example.com/employee/profile,CEO office,"Ceo,tag1, tag2",false,Senior Sales Manager,O-6999,O-6582,
West Adam,https://raw.githubusercontent.com/bumbeishvili/Assets/master/Projects/D3/Organization%20Chart/general.jpg,Corporate,http://example.com/employee/profile,CEO office,"Ceo,tag1, tag2",false,CTO,O-7000,O-6582,
Charlotte Cooper,https://raw.githubusercontent.com/bumbeishvili/Assets/master/Projects/D3/Organization%20Chart/general.jpg,Corporate,http://example.com/employee/profile,CEO office,"Ceo,tag1, tag2",false,Senior Trader,O-7001,O-6582,
Yoshi Nagase,https://raw.githubusercontent.com/bumbeishvili/Assets/master/Projects/D3/Organization%20Chart/general.jpg,Corporate,http://example.com/employee/profile,CEO office,"Ceo,tag1, tag2",false,Head of laboratory,O-7002,O-6582,
 Leverling Janet,https://raw.githubusercontent.com/bumbeishvili/Assets/master/Projects/D3/Organization%20Chart/female.jpg,Corporate,http://example.com/employee/profile,CEO office,"Ceo,tag1, tag2",false,CTO ,O-7003,O-6583,
Fuller Andrew,https://raw.githubusercontent.com/bumbeishvili/Assets/master/Projects/D3/Organization%20Chart/general.jpg,Corporate,http://example.com/employee/profile,CEO office,"Ceo,tag1, tag2",false,Linear Manager,O-7004,O-6583,
Peacock Margaret,https://raw.githubusercontent.com/bumbeishvili/Assets/master/Projects/D3/Organization%20Chart/general.jpg,Corporate,http://example.com/employee/profile,CEO office,"Ceo,tag1, tag2",false,CEO,O-7005,O-6583,
Buchanan Steven,https://raw.githubusercontent.com/bumbeishvili/Assets/master/Projects/D3/Organization%20Chart/general.jpg,Corporate,http://example.com/employee/profile,CEO office,"Ceo,tag1, tag2",false,Head of direction,O-7006,O-6583,
Suyama Michael,https://raw.githubusercontent.com/bumbeishvili/Assets/master/Projects/D3/Organization%20Chart/general.jpg,Corporate,http://example.com/employee/profile,CEO office,"Ceo,tag1, tag2",false,Senior sales manager,O-7007,O-6583,
King Robert,https://raw.githubusercontent.com/bumbeishvili/Assets/master/Projects/D3/Organization%20Chart/general.jpg,Corporate,http://example.com/employee/profile,CEO office,"Ceo,tag1, tag2",false,Senior Sales Manager,O-7008,O-6583,
West Adam,https://raw.githubusercontent.com/bumbeishvili/Assets/master/Projects/D3/Organization%20Chart/general.jpg,Corporate,http://example.com/employee/profile,CEO office,"Ceo,tag1, tag2",false,CTO,O-7009,O-6583,
Charlotte Cooper,https://raw.githubusercontent.com/bumbeishvili/Assets/master/Projects/D3/Organization%20Chart/general.jpg,Corporate,http://example.com/employee/profile,CEO office,"Ceo,tag1, tag2",false,Senior Trader,O-7010,O-6583,
Yoshi Nagase,https://raw.githubusercontent.com/bumbeishvili/Assets/master/Projects/D3/Organization%20Chart/general.jpg,Corporate,http://example.com/employee/profile,CEO office,"Ceo,tag1, tag2",false,Head of laboratory,O-7011,O-6583,
 Leverling Janet,https://raw.githubusercontent.com/bumbeishvili/Assets/master/Projects/D3/Organization%20Chart/female.jpg,Corporate,http://example.com/employee/profile,CEO office,"Ceo,tag1, tag2",false,CTO ,O-7012,O-6584,
Fuller Andrew,https://raw.githubusercontent.com/bumbeishvili/Assets/master/Projects/D3/Organization%20Chart/general.jpg,Corporate,http://example.com/employee/profile,CEO office,"Ceo,tag1, tag2",false,Linear Manager,O-7013,O-6584,
Peacock Margaret,https://raw.githubusercontent.com/bumbeishvili/Assets/master/Projects/D3/Organization%20Chart/general.jpg,Corporate,http://example.com/employee/profile,CEO office,"Ceo,tag1, tag2",false,CEO,O-7014,O-6584,
Buchanan Steven,https://raw.githubusercontent.com/bumbeishvili/Assets/master/Projects/D3/Organization%20Chart/general.jpg,Corporate,http://example.com/employee/profile,CEO office,"Ceo,tag1, tag2",false,Head of direction,O-7015,O-6584,
Suyama Michael,https://raw.githubusercontent.com/bumbeishvili/Assets/master/Projects/D3/Organization%20Chart/general.jpg,Corporate,http://example.com/employee/profile,CEO office,"Ceo,tag1, tag2",false,Senior sales manager,O-7016,O-6584,
King Robert,https://raw.githubusercontent.com/bumbeishvili/Assets/master/Projects/D3/Organization%20Chart/general.jpg,Corporate,http://example.com/employee/profile,CEO office,"Ceo,tag1, tag2",false,Senior Sales Manager,O-7017,O-6584,
West Adam,https://raw.githubusercontent.com/bumbeishvili/Assets/master/Projects/D3/Organization%20Chart/general.jpg,Corporate,http://example.com/employee/profile,CEO office,"Ceo,tag1, tag2",false,CTO,O-7018,O-6584,
Charlotte Cooper,https://raw.githubusercontent.com/bumbeishvili/Assets/master/Projects/D3/Organization%20Chart/general.jpg,Corporate,http://example.com/employee/profile,CEO office,"Ceo,tag1, tag2",false,Senior Trader,O-7019,O-6584,
Yoshi Nagase,https://raw.githubusercontent.com/bumbeishvili/Assets/master/Projects/D3/Organization%20Chart/general.jpg,Corporate,http://example.com/employee/profile,CEO office,"Ceo,tag1, tag2",false,Head of laboratory,O-7020,O-6584,
Callahan Laura,https://raw.githubusercontent.com/bumbeishvili/Assets/master/Projects/D3/Organization%20Chart/general.jpg,Corporate,http://example.com/employee/profile,CEO office,"Ceo,tag1, tag2",false,Junior sales manager,O-7021,O-6587,
Dodsworth Anne,https://raw.githubusercontent.com/bumbeishvili/Assets/master/Projects/D3/Organization%20Chart/general.jpg,Corporate,http://example.com/employee/profile,CEO office,"Ceo,tag1, tag2",false,Junior sales manager,O-7022,O-6587,
Shelley Burke,https://raw.githubusercontent.com/bumbeishvili/Assets/master/Projects/D3/Organization%20Chart/general.jpg,Corporate,http://example.com/employee/profile,CEO office,"Ceo,tag1, tag2",false,Intern,O-7023,O-6589,
Valle Saavedra,https://raw.githubusercontent.com/bumbeishvili/Assets/master/Projects/D3/Organization%20Chart/general.jpg,Corporate,http://example.com/employee/profile,CEO office,"Ceo,tag1, tag2",false,Junior Inovator,O-7024,O-6590,
Regina Murphy,https://raw.githubusercontent.com/bumbeishvili/Assets/master/Projects/D3/Organization%20Chart/general.jpg,Corporate,http://example.com/employee/profile,CEO office,"Ceo,tag1, tag2",false,Developer,O-7025,O-6590,
Mayumi Ohno,https://raw.githubusercontent.com/bumbeishvili/Assets/master/Projects/D3/Organization%20Chart/general.jpg,Corporate,http://example.com/employee/profile,CEO office,"Ceo,tag1, tag2",false,Senior developer,O-7026,O-6590,
SizePalette,https://raw.githubusercontent.com/bumbeishvili/Assets/master/Projects/D3/Organization%20Chart/general.jpg,Corporate,http://example.com/employee/profile,CEO office,"Ceo,tag1, tag2",false,System analyst,O-7027,O-6590,
 Lars Peterson,https://raw.githubusercontent.com/bumbeishvili/Assets/master/Projects/D3/Organization%20Chart/general.jpg,Corporate,http://example.com/employee/profile,CEO office,"Ceo,tag1, tag2",false,Anakyst Developer,O-7028,O-6598,
 Petra Winkler,https://raw.githubusercontent.com/bumbeishvili/Assets/master/Projects/D3/Organization%20Chart/general.jpg,Corporate,http://example.com/employee/profile,CEO office,"Ceo,tag1, tag2",false,Android Developer,O-7029,O-6599,
Martin Bein,https://raw.githubusercontent.com/bumbeishvili/Assets/master/Projects/D3/Organization%20Chart/general.jpg,Corporate,http://example.com/employee/profile,CEO office,"Ceo,tag1, tag2",false,Ios Developer,O-7030,O-6599,2023
Current User,https://raw.githubusercontent.com/bumbeishvili/Assets/master/Projects/D3/Organization%20Chart/bean.png,Corporate,http://example.com/employee/profile,CEO office,"Ceo,tag1, tag2",false,Web Developer,O-7031,O-6600,
Beate Vileid,https://raw.githubusercontent.com/bumbeishvili/Assets/master/Projects/D3/Organization%20Chart/general.jpg,Corporate,http://example.com/employee/profile,CEO office,"Ceo,tag1, tag2",false,Junior Developer,O-7032,O-6600,
 Lars Peterson,https://raw.githubusercontent.com/bumbeishvili/Assets/master/Projects/D3/Organization%20Chart/general.jpg,Corporate,http://example.com/employee/profile,CEO office,"Ceo,tag1, tag2",false,Anakyst Developer,O-7033,O-6608,
 Petra Winkler,https://raw.githubusercontent.com/bumbeishvili/Assets/master/Projects/D3/Organization%20Chart/general.jpg,Corporate,http://example.com/employee/profile,CEO office,"Ceo,tag1, tag2",false,Android Developer,O-7034,O-6609,
Martin Bein,https://raw.githubusercontent.com/bumbeishvili/Assets/master/Projects/D3/Organization%20Chart/general.jpg,Corporate,http://example.com/employee/profile,CEO office,"Ceo,tag1, tag2",false,Ios Developer,O-7035,O-6609,2023
Current User,https://raw.githubusercontent.com/bumbeishvili/Assets/master/Projects/D3/Organization%20Chart/bean.png,Corporate,http://example.com/employee/profile,CEO office,"Ceo,tag1, tag2",false,Web Developer,O-7036,O-6610,
Beate Vileid,https://raw.githubusercontent.com/bumbeishvili/Assets/master/Projects/D3/Organization%20Chart/general.jpg,Corporate,http://example.com/employee/profile,CEO office,"Ceo,tag1, tag2",false,Junior Developer,O-7037,O-6610,
Peter Wilson,https://raw.githubusercontent.com/bumbeishvili/Assets/master/Projects/D3/Organization%20Chart/general.jpg,Corporate,http://example.com/employee/profile,CEO office,"Ceo,tag1, tag2",false,Head of channels,O-7038,O-6618,
Carlos Diaz,https://raw.githubusercontent.com/bumbeishvili/Assets/master/Projects/D3/Organization%20Chart/general.jpg,Corporate,http://example.com/employee/profile,CEO office,"Ceo,tag1, tag2",false,Senior Android Developer,O-7039,O-6618,
Sven Petersen,https://raw.githubusercontent.com/bumbeishvili/Assets/master/Projects/D3/Organization%20Chart/general.jpg,Corporate,http://example.com/employee/profile,CEO office,"Ceo,tag1, tag2",false,Senior Developer,O-7040,O-6618,
Callahan Laura,https://raw.githubusercontent.com/bumbeishvili/Assets/master/Projects/D3/Organization%20Chart/general.jpg,Corporate,http://example.com/employee/profile,CEO office,"Ceo,tag1, tag2",false,Junior sales manager,O-7041,O-6623,
Dodsworth Anne,https://raw.githubusercontent.com/bumbeishvili/Assets/master/Projects/D3/Organization%20Chart/general.jpg,Corporate,http://example.com/employee/profile,CEO office,"Ceo,tag1, tag2",false,Junior sales manager,O-7042,O-6623,
Shelley Burke,https://raw.githubusercontent.com/bumbeishvili/Assets/master/Projects/D3/Organization%20Chart/general.jpg,Corporate,http://example.com/employee/profile,CEO office,"Ceo,tag1, tag2",false,Intern,O-7043,O-6625,
Valle Saavedra,https://raw.githubusercontent.com/bumbeishvili/Assets/master/Projects/D3/Organization%20Chart/general.jpg,Corporate,http://example.com/employee/profile,CEO office,"Ceo,tag1, tag2",false,Junior Inovator,O-7044,O-6626,
Regina Murphy,https://raw.githubusercontent.com/bumbeishvili/Assets/master/Projects/D3/Organization%20Chart/general.jpg,Corporate,http://example.com/employee/profile,CEO office,"Ceo,tag1, tag2",false,Developer,O-7045,O-6626,
Mayumi Ohno,https://raw.githubusercontent.com/bumbeishvili/Assets/master/Projects/D3/Organization%20Chart/general.jpg,Corporate,http://example.com/employee/profile,CEO office,"Ceo,tag1, tag2",false,Senior developer,O-7046,O-6626,
SizePalette,https://raw.githubusercontent.com/bumbeishvili/Assets/master/Projects/D3/Organization%20Chart/general.jpg,Corporate,http://example.com/employee/profile,CEO office,"Ceo,tag1, tag2",false,System analyst,O-7047,O-6626,
Peter Wilson,https://raw.githubusercontent.com/bumbeishvili/Assets/master/Projects/D3/Organization%20Chart/general.jpg,Corporate,http://example.com/employee/profile,CEO office,"Ceo,tag1, tag2",false,Head of channels,O-7048,O-6627,
Carlos Diaz,https://raw.githubusercontent.com/bumbeishvili/Assets/master/Projects/D3/Organization%20Chart/general.jpg,Corporate,http://example.com/employee/profile,CEO office,"Ceo,tag1, tag2",false,Senior Android Developer,O-7049,O-6627,
Sven Petersen,https://raw.githubusercontent.com/bumbeishvili/Assets/master/Projects/D3/Organization%20Chart/general.jpg,Corporate,http://example.com/employee/profile,CEO office,"Ceo,tag1, tag2",false,Senior Developer,O-7050,O-6627,
Callahan Laura,https://raw.githubusercontent.com/bumbeishvili/Assets/master/Projects/D3/Organization%20Chart/general.jpg,Corporate,http://example.com/employee/profile,CEO office,"Ceo,tag1, tag2",false,Junior sales manager,O-7051,O-6632,
Dodsworth Anne,https://raw.githubusercontent.com/bumbeishvili/Assets/master/Projects/D3/Organization%20Chart/general.jpg,Corporate,http://example.com/employee/profile,CEO office,"Ceo,tag1, tag2",false,Junior sales manager,O-7052,O-6632,
Shelley Burke,https://raw.githubusercontent.com/bumbeishvili/Assets/master/Projects/D3/Organization%20Chart/general.jpg,Corporate,http://example.com/employee/profile,CEO office,"Ceo,tag1, tag2",false,Intern,O-7053,O-6634,
Valle Saavedra,https://raw.githubusercontent.com/bumbeishvili/Assets/master/Projects/D3/Organization%20Chart/general.jpg,Corporate,http://example.com/employee/profile,CEO office,"Ceo,tag1, tag2",false,Junior Inovator,O-7054,O-6635,
Regina Murphy,https://raw.githubusercontent.com/bumbeishvili/Assets/master/Projects/D3/Organization%20Chart/general.jpg,Corporate,http://example.com/employee/profile,CEO office,"Ceo,tag1, tag2",false,Developer,O-7055,O-6635,
Mayumi Ohno,https://raw.githubusercontent.com/bumbeishvili/Assets/master/Projects/D3/Organization%20Chart/general.jpg,Corporate,http://example.com/employee/profile,CEO office,"Ceo,tag1, tag2",false,Senior developer,O-7056,O-6635,
SizePalette,https://raw.githubusercontent.com/bumbeishvili/Assets/master/Projects/D3/Organization%20Chart/general.jpg,Corporate,http://example.com/employee/profile,CEO office,"Ceo,tag1, tag2",false,System analyst,O-7057,O-6635,
 Lars Peterson,https://raw.githubusercontent.com/bumbeishvili/Assets/master/Projects/D3/Organization%20Chart/general.jpg,Corporate,http://example.com/employee/profile,CEO office,"Ceo,tag1, tag2",false,Anakyst Developer,O-7058,O-6636,
 Petra Winkler,https://raw.githubusercontent.com/bumbeishvili/Assets/master/Projects/D3/Organization%20Chart/general.jpg,Corporate,http://example.com/employee/profile,CEO office,"Ceo,tag1, tag2",false,Android Developer,O-7059,O-6637,
Martin Bein,https://raw.githubusercontent.com/bumbeishvili/Assets/master/Projects/D3/Organization%20Chart/general.jpg,Corporate,http://example.com/employee/profile,CEO office,"Ceo,tag1, tag2",false,Ios Developer,O-7060,O-6637,2023
Current User,https://raw.githubusercontent.com/bumbeishvili/Assets/master/Projects/D3/Organization%20Chart/bean.png,Corporate,http://example.com/employee/profile,CEO office,"Ceo,tag1, tag2",false,Web Developer,O-7061,O-6638,
Beate Vileid,https://raw.githubusercontent.com/bumbeishvili/Assets/master/Projects/D3/Organization%20Chart/general.jpg,Corporate,http://example.com/employee/profile,CEO office,"Ceo,tag1, tag2",false,Junior Developer,O-7062,O-6638,
 Lars Peterson,https://raw.githubusercontent.com/bumbeishvili/Assets/master/Projects/D3/Organization%20Chart/general.jpg,Corporate,http://example.com/employee/profile,CEO office,"Ceo,tag1, tag2",false,Anakyst Developer,O-7063,O-6646,
 Petra Winkler,https://raw.githubusercontent.com/bumbeishvili/Assets/master/Projects/D3/Organization%20Chart/general.jpg,Corporate,http://example.com/employee/profile,CEO office,"Ceo,tag1, tag2",false,Android Developer,O-7064,O-6647,
Martin Bein,https://raw.githubusercontent.com/bumbeishvili/Assets/master/Projects/D3/Organization%20Chart/general.jpg,Corporate,http://example.com/employee/profile,CEO office,"Ceo,tag1, tag2",false,Ios Developer,O-7065,O-6647,2023
Current User,https://raw.githubusercontent.com/bumbeishvili/Assets/master/Projects/D3/Organization%20Chart/bean.png,Corporate,http://example.com/employee/profile,CEO office,"Ceo,tag1, tag2",false,Web Developer,O-7066,O-6648,
Beate Vileid,https://raw.githubusercontent.com/bumbeishvili/Assets/master/Projects/D3/Organization%20Chart/general.jpg,Corporate,http://example.com/employee/profile,CEO office,"Ceo,tag1, tag2",false,Junior Developer,O-7067,O-6648,
 Lars Peterson,https://raw.githubusercontent.com/bumbeishvili/Assets/master/Projects/D3/Organization%20Chart/general.jpg,Corporate,http://example.com/employee/profile,CEO office,"Ceo,tag1, tag2",false,Anakyst Developer,O-7068,O-6656,
 Petra Winkler,https://raw.githubusercontent.com/bumbeishvili/Assets/master/Projects/D3/Organization%20Chart/general.jpg,Corporate,http://example.com/employee/profile,CEO office,"Ceo,tag1, tag2",false,Android Developer,O-7069,O-6657,
Martin Bein,https://raw.githubusercontent.com/bumbeishvili/Assets/master/Projects/D3/Organization%20Chart/general.jpg,Corporate,http://example.com/employee/profile,CEO office,"Ceo,tag1, tag2",false,Ios Developer,O-7070,O-6657,2023
Current User,https://raw.githubusercontent.com/bumbeishvili/Assets/master/Projects/D3/Organization%20Chart/bean.png,Corporate,http://example.com/employee/profile,CEO office,"Ceo,tag1, tag2",false,Web Developer,O-7071,O-6658,
Beate Vileid,https://raw.githubusercontent.com/bumbeishvili/Assets/master/Projects/D3/Organization%20Chart/general.jpg,Corporate,http://example.com/employee/profile,CEO office,"Ceo,tag1, tag2",false,Junior Developer,O-7072,O-6658,
Peter Wilson,https://raw.githubusercontent.com/bumbeishvili/Assets/master/Projects/D3/Organization%20Chart/general.jpg,Corporate,http://example.com/employee/profile,CEO office,"Ceo,tag1, tag2",false,Head of channels,O-7073,O-6666,
Carlos Diaz,https://raw.githubusercontent.com/bumbeishvili/Assets/master/Projects/D3/Organization%20Chart/general.jpg,Corporate,http://example.com/employee/profile,CEO office,"Ceo,tag1, tag2",false,Senior Android Developer,O-7074,O-6666,
Sven Petersen,https://raw.githubusercontent.com/bumbeishvili/Assets/master/Projects/D3/Organization%20Chart/general.jpg,Corporate,http://example.com/employee/profile,CEO office,"Ceo,tag1, tag2",false,Senior Developer,O-7075,O-6666,
Callahan Laura,https://raw.githubusercontent.com/bumbeishvili/Assets/master/Projects/D3/Organization%20Chart/general.jpg,Corporate,http://example.com/employee/profile,CEO office,"Ceo,tag1, tag2",false,Junior sales manager,O-7076,O-6671,
Dodsworth Anne,https://raw.githubusercontent.com/bumbeishvili/Assets/master/Projects/D3/Organization%20Chart/general.jpg,Corporate,http://example.com/employee/profile,CEO office,"Ceo,tag1, tag2",false,Junior sales manager,O-7077,O-6671,
Shelley Burke,https://raw.githubusercontent.com/bumbeishvili/Assets/master/Projects/D3/Organization%20Chart/general.jpg,Corporate,http://example.com/employee/profile,CEO office,"Ceo,tag1, tag2",false,Intern,O-7078,O-6673,
Valle Saavedra,https://raw.githubusercontent.com/bumbeishvili/Assets/master/Projects/D3/Organization%20Chart/general.jpg,Corporate,http://example.com/employee/profile,CEO office,"Ceo,tag1, tag2",false,Junior Inovator,O-7079,O-6674,
Regina Murphy,https://raw.githubusercontent.com/bumbeishvili/Assets/master/Projects/D3/Organization%20Chart/general.jpg,Corporate,http://example.com/employee/profile,CEO office,"Ceo,tag1, tag2",false,Developer,O-7080,O-6674,
Mayumi Ohno,https://raw.githubusercontent.com/bumbeishvili/Assets/master/Projects/D3/Organization%20Chart/general.jpg,Corporate,http://example.com/employee/profile,CEO office,"Ceo,tag1, tag2",false,Senior developer,O-7081,O-6674,
SizePalette,https://raw.githubusercontent.com/bumbeishvili/Assets/master/Projects/D3/Organization%20Chart/general.jpg,Corporate,http://example.com/employee/profile,CEO office,"Ceo,tag1, tag2",false,System analyst,O-7082,O-6674,
Peter Wilson,https://raw.githubusercontent.com/bumbeishvili/Assets/master/Projects/D3/Organization%20Chart/general.jpg,Corporate,http://example.com/employee/profile,CEO office,"Ceo,tag1, tag2",false,Head of channels,O-7083,O-6675,
Carlos Diaz,https://raw.githubusercontent.com/bumbeishvili/Assets/master/Projects/D3/Organization%20Chart/general.jpg,Corporate,http://example.com/employee/profile,CEO office,"Ceo,tag1, tag2",false,Senior Android Developer,O-7084,O-6675,
Sven Petersen,https://raw.githubusercontent.com/bumbeishvili/Assets/master/Projects/D3/Organization%20Chart/general.jpg,Corporate,http://example.com/employee/profile,CEO office,"Ceo,tag1, tag2",false,Senior Developer,O-7085,O-6675,
Callahan Laura,https://raw.githubusercontent.com/bumbeishvili/Assets/master/Projects/D3/Organization%20Chart/general.jpg,Corporate,http://example.com/employee/profile,CEO office,"Ceo,tag1, tag2",false,Junior sales manager,O-7086,O-6680,
Dodsworth Anne,https://raw.githubusercontent.com/bumbeishvili/Assets/master/Projects/D3/Organization%20Chart/general.jpg,Corporate,http://example.com/employee/profile,CEO office,"Ceo,tag1, tag2",false,Junior sales manager,O-7087,O-6680,
Shelley Burke,https://raw.githubusercontent.com/bumbeishvili/Assets/master/Projects/D3/Organization%20Chart/general.jpg,Corporate,http://example.com/employee/profile,CEO office,"Ceo,tag1, tag2",false,Intern,O-7088,O-6682,
Valle Saavedra,https://raw.githubusercontent.com/bumbeishvili/Assets/master/Projects/D3/Organization%20Chart/general.jpg,Corporate,http://example.com/employee/profile,CEO office,"Ceo,tag1, tag2",false,Junior Inovator,O-7089,O-6683,
Regina Murphy,https://raw.githubusercontent.com/bumbeishvili/Assets/master/Projects/D3/Organization%20Chart/general.jpg,Corporate,http://example.com/employee/profile,CEO office,"Ceo,tag1, tag2",false,Developer,O-7090,O-6683,
Mayumi Ohno,https://raw.githubusercontent.com/bumbeishvili/Assets/master/Projects/D3/Organization%20Chart/general.jpg,Corporate,http://example.com/employee/profile,CEO office,"Ceo,tag1, tag2",false,Senior developer,O-7091,O-6683,
SizePalette,https://raw.githubusercontent.com/bumbeishvili/Assets/master/Projects/D3/Organization%20Chart/general.jpg,Corporate,http://example.com/employee/profile,CEO office,"Ceo,tag1, tag2",false,System analyst,O-7092,O-6683,
 Lars Peterson,https://raw.githubusercontent.com/bumbeishvili/Assets/master/Projects/D3/Organization%20Chart/general.jpg,Corporate,http://example.com/employee/profile,CEO office,"Ceo,tag1, tag2",false,Anakyst Developer,O-7093,O-6684,
 Petra Winkler,https://raw.githubusercontent.com/bumbeishvili/Assets/master/Projects/D3/Organization%20Chart/general.jpg,Corporate,http://example.com/employee/profile,CEO office,"Ceo,tag1, tag2",false,Android Developer,O-7094,O-6685,
Martin Bein,https://raw.githubusercontent.com/bumbeishvili/Assets/master/Projects/D3/Organization%20Chart/general.jpg,Corporate,http://example.com/employee/profile,CEO office,"Ceo,tag1, tag2",false,Ios Developer,O-7095,O-6685,2023
Current User,https://raw.githubusercontent.com/bumbeishvili/Assets/master/Projects/D3/Organization%20Chart/bean.png,Corporate,http://example.com/employee/profile,CEO office,"Ceo,tag1, tag2",false,Web Developer,O-7096,O-6686,
Beate Vileid,https://raw.githubusercontent.com/bumbeishvili/Assets/master/Projects/D3/Organization%20Chart/general.jpg,Corporate,http://example.com/employee/profile,CEO office,"Ceo,tag1, tag2",false,Junior Developer,O-7097,O-6686,
 Lars Peterson,https://raw.githubusercontent.com/bumbeishvili/Assets/master/Projects/D3/Organization%20Chart/general.jpg,Corporate,http://example.com/employee/profile,CEO office,"Ceo,tag1, tag2",false,Anakyst Developer,O-7098,O-6694,
 Petra Winkler,https://raw.githubusercontent.com/bumbeishvili/Assets/master/Projects/D3/Organization%20Chart/general.jpg,Corporate,http://example.com/employee/profile,CEO office,"Ceo,tag1, tag2",false,Android Developer,O-7099,O-6695,
Martin Bein,https://raw.githubusercontent.com/bumbeishvili/Assets/master/Projects/D3/Organization%20Chart/general.jpg,Corporate,http://example.com/employee/profile,CEO office,"Ceo,tag1, tag2",false,Ios Developer,O-7100,O-6695,2023
Current User,https://raw.githubusercontent.com/bumbeishvili/Assets/master/Projects/D3/Organization%20Chart/bean.png,Corporate,http://example.com/employee/profile,CEO office,"Ceo,tag1, tag2",false,Web Developer,O-7101,O-6696,
Beate Vileid,https://raw.githubusercontent.com/bumbeishvili/Assets/master/Projects/D3/Organization%20Chart/general.jpg,Corporate,http://example.com/employee/profile,CEO office,"Ceo,tag1, tag2",false,Junior Developer,O-7102,O-6696,
 Lars Peterson,https://raw.githubusercontent.com/bumbeishvili/Assets/master/Projects/D3/Organization%20Chart/general.jpg,Corporate,http://example.com/employee/profile,CEO office,"Ceo,tag1, tag2",false,Anakyst Developer,O-7103,O-6704,
 Petra Winkler,https://raw.githubusercontent.com/bumbeishvili/Assets/master/Projects/D3/Organization%20Chart/general.jpg,Corporate,http://example.com/employee/profile,CEO office,"Ceo,tag1, tag2",false,Android Developer,O-7104,O-6705,
Martin Bein,https://raw.githubusercontent.com/bumbeishvili/Assets/master/Projects/D3/Organization%20Chart/general.jpg,Corporate,http://example.com/employee/profile,CEO office,"Ceo,tag1, tag2",false,Ios Developer,O-7105,O-6705,2023
Current User,https://raw.githubusercontent.com/bumbeishvili/Assets/master/Projects/D3/Organization%20Chart/bean.png,Corporate,http://example.com/employee/profile,CEO office,"Ceo,tag1, tag2",false,Web Developer,O-7106,O-6706,
Beate Vileid,https://raw.githubusercontent.com/bumbeishvili/Assets/master/Projects/D3/Organization%20Chart/general.jpg,Corporate,http://example.com/employee/profile,CEO office,"Ceo,tag1, tag2",false,Junior Developer,O-7107,O-6706,
Peter Wilson,https://raw.githubusercontent.com/bumbeishvili/Assets/master/Projects/D3/Organization%20Chart/general.jpg,Corporate,http://example.com/employee/profile,CEO office,"Ceo,tag1, tag2",false,Head of channels,O-7108,O-6714,
Carlos Diaz,https://raw.githubusercontent.com/bumbeishvili/Assets/master/Projects/D3/Organization%20Chart/general.jpg,Corporate,http://example.com/employee/profile,CEO office,"Ceo,tag1, tag2",false,Senior Android Developer,O-7109,O-6714,
Sven Petersen,https://raw.githubusercontent.com/bumbeishvili/Assets/master/Projects/D3/Organization%20Chart/general.jpg,Corporate,http://example.com/employee/profile,CEO office,"Ceo,tag1, tag2",false,Senior Developer,O-7110,O-6714,
Callahan Laura,https://raw.githubusercontent.com/bumbeishvili/Assets/master/Projects/D3/Organization%20Chart/general.jpg,Corporate,http://example.com/employee/profile,CEO office,"Ceo,tag1, tag2",false,Junior sales manager,O-7111,O-6719,
Dodsworth Anne,https://raw.githubusercontent.com/bumbeishvili/Assets/master/Projects/D3/Organization%20Chart/general.jpg,Corporate,http://example.com/employee/profile,CEO office,"Ceo,tag1, tag2",false,Junior sales manager,O-7112,O-6719,
Shelley Burke,https://raw.githubusercontent.com/bumbeishvili/Assets/master/Projects/D3/Organization%20Chart/general.jpg,Corporate,http://example.com/employee/profile,CEO office,"Ceo,tag1, tag2",false,Intern,O-7113,O-6721,
Valle Saavedra,https://raw.githubusercontent.com/bumbeishvili/Assets/master/Projects/D3/Organization%20Chart/general.jpg,Corporate,http://example.com/employee/profile,CEO office,"Ceo,tag1, tag2",false,Junior Inovator,O-7114,O-6722,
Regina Murphy,https://raw.githubusercontent.com/bumbeishvili/Assets/master/Projects/D3/Organization%20Chart/general.jpg,Corporate,http://example.com/employee/profile,CEO office,"Ceo,tag1, tag2",false,Developer,O-7115,O-6722,
Mayumi Ohno,https://raw.githubusercontent.com/bumbeishvili/Assets/master/Projects/D3/Organization%20Chart/general.jpg,Corporate,http://example.com/employee/profile,CEO office,"Ceo,tag1, tag2",false,Senior developer,O-7116,O-6722,
SizePalette,https://raw.githubusercontent.com/bumbeishvili/Assets/master/Projects/D3/Organization%20Chart/general.jpg,Corporate,http://example.com/employee/profile,CEO office,"Ceo,tag1, tag2",false,System analyst,O-7117,O-6722,
Peter Wilson,https://raw.githubusercontent.com/bumbeishvili/Assets/master/Projects/D3/Organization%20Chart/general.jpg,Corporate,http://example.com/employee/profile,CEO office,"Ceo,tag1, tag2",false,Head of channels,O-7118,O-6723,
Carlos Diaz,https://raw.githubusercontent.com/bumbeishvili/Assets/master/Projects/D3/Organization%20Chart/general.jpg,Corporate,http://example.com/employee/profile,CEO office,"Ceo,tag1, tag2",false,Senior Android Developer,O-7119,O-6723,
Sven Petersen,https://raw.githubusercontent.com/bumbeishvili/Assets/master/Projects/D3/Organization%20Chart/general.jpg,Corporate,http://example.com/employee/profile,CEO office,"Ceo,tag1, tag2",false,Senior Developer,O-7120,O-6723,
Callahan Laura,https://raw.githubusercontent.com/bumbeishvili/Assets/master/Projects/D3/Organization%20Chart/general.jpg,Corporate,http://example.com/employee/profile,CEO office,"Ceo,tag1, tag2",false,Junior sales manager,O-7121,O-6728,
Dodsworth Anne,https://raw.githubusercontent.com/bumbeishvili/Assets/master/Projects/D3/Organization%20Chart/general.jpg,Corporate,http://example.com/employee/profile,CEO office,"Ceo,tag1, tag2",false,Junior sales manager,O-7122,O-6728,
Shelley Burke,https://raw.githubusercontent.com/bumbeishvili/Assets/master/Projects/D3/Organization%20Chart/general.jpg,Corporate,http://example.com/employee/profile,CEO office,"Ceo,tag1, tag2",false,Intern,O-7123,O-6730,
Valle Saavedra,https://raw.githubusercontent.com/bumbeishvili/Assets/master/Projects/D3/Organization%20Chart/general.jpg,Corporate,http://example.com/employee/profile,CEO office,"Ceo,tag1, tag2",false,Junior Inovator,O-7124,O-6731,
Regina Murphy,https://raw.githubusercontent.com/bumbeishvili/Assets/master/Projects/D3/Organization%20Chart/general.jpg,Corporate,http://example.com/employee/profile,CEO office,"Ceo,tag1, tag2",false,Developer,O-7125,O-6731,
Mayumi Ohno,https://raw.githubusercontent.com/bumbeishvili/Assets/master/Projects/D3/Organization%20Chart/general.jpg,Corporate,http://example.com/employee/profile,CEO office,"Ceo,tag1, tag2",false,Senior developer,O-7126,O-6731,
SizePalette,https://raw.githubusercontent.com/bumbeishvili/Assets/master/Projects/D3/Organization%20Chart/general.jpg,Corporate,http://example.com/employee/profile,CEO office,"Ceo,tag1, tag2",false,System analyst,O-7127,O-6731,
Peter Wilson,https://raw.githubusercontent.com/bumbeishvili/Assets/master/Projects/D3/Organization%20Chart/general.jpg,Corporate,http://example.com/employee/profile,CEO office,"Ceo,tag1, tag2",false,Head of channels,O-7128,O-6732,
Carlos Diaz,https://raw.githubusercontent.com/bumbeishvili/Assets/master/Projects/D3/Organization%20Chart/general.jpg,Corporate,http://example.com/employee/profile,CEO office,"Ceo,tag1, tag2",false,Senior Android Developer,O-7129,O-6732,
Sven Petersen,https://raw.githubusercontent.com/bumbeishvili/Assets/master/Projects/D3/Organization%20Chart/general.jpg,Corporate,http://example.com/employee/profile,CEO office,"Ceo,tag1, tag2",false,Senior Developer,O-7130,O-6732,
Callahan Laura,https://raw.githubusercontent.com/bumbeishvili/Assets/master/Projects/D3/Organization%20Chart/general.jpg,Corporate,http://example.com/employee/profile,CEO office,"Ceo,tag1, tag2",false,Junior sales manager,O-7131,O-6737,
Dodsworth Anne,https://raw.githubusercontent.com/bumbeishvili/Assets/master/Projects/D3/Organization%20Chart/general.jpg,Corporate,http://example.com/employee/profile,CEO office,"Ceo,tag1, tag2",false,Junior sales manager,O-7132,O-6737,
Shelley Burke,https://raw.githubusercontent.com/bumbeishvili/Assets/master/Projects/D3/Organization%20Chart/general.jpg,Corporate,http://example.com/employee/profile,CEO office,"Ceo,tag1, tag2",false,Intern,O-7133,O-6739,
Valle Saavedra,https://raw.githubusercontent.com/bumbeishvili/Assets/master/Projects/D3/Organization%20Chart/general.jpg,Corporate,http://example.com/employee/profile,CEO office,"Ceo,tag1, tag2",false,Junior Inovator,O-7134,O-6740,
Regina Murphy,https://raw.githubusercontent.com/bumbeishvili/Assets/master/Projects/D3/Organization%20Chart/general.jpg,Corporate,http://example.com/employee/profile,CEO office,"Ceo,tag1, tag2",false,Developer,O-7135,O-6740,
Mayumi Ohno,https://raw.githubusercontent.com/bumbeishvili/Assets/master/Projects/D3/Organization%20Chart/general.jpg,Corporate,http://example.com/employee/profile,CEO office,"Ceo,tag1, tag2",false,Senior developer,O-7136,O-6740,
SizePalette,https://raw.githubusercontent.com/bumbeishvili/Assets/master/Projects/D3/Organization%20Chart/general.jpg,Corporate,http://example.com/employee/profile,CEO office,"Ceo,tag1, tag2",false,System analyst,O-7137,O-6740,
Peter Wilson,https://raw.githubusercontent.com/bumbeishvili/Assets/master/Projects/D3/Organization%20Chart/general.jpg,Corporate,http://example.com/employee/profile,CEO office,"Ceo,tag1, tag2",false,Head of channels,O-7138,O-6741,
Carlos Diaz,https://raw.githubusercontent.com/bumbeishvili/Assets/master/Projects/D3/Organization%20Chart/general.jpg,Corporate,http://example.com/employee/profile,CEO office,"Ceo,tag1, tag2",false,Senior Android Developer,O-7139,O-6741,
Sven Petersen,https://raw.githubusercontent.com/bumbeishvili/Assets/master/Projects/D3/Organization%20Chart/general.jpg,Corporate,http://example.com/employee/profile,CEO office,"Ceo,tag1, tag2",false,Senior Developer,O-7140,O-6741,
Callahan Laura,https://raw.githubusercontent.com/bumbeishvili/Assets/master/Projects/D3/Organization%20Chart/general.jpg,Corporate,http://example.com/employee/profile,CEO office,"Ceo,tag1, tag2",false,Junior sales manager,O-7141,O-6746,
Dodsworth Anne,https://raw.githubusercontent.com/bumbeishvili/Assets/master/Projects/D3/Organization%20Chart/general.jpg,Corporate,http://example.com/employee/profile,CEO office,"Ceo,tag1, tag2",false,Junior sales manager,O-7142,O-6746,
Shelley Burke,https://raw.githubusercontent.com/bumbeishvili/Assets/master/Projects/D3/Organization%20Chart/general.jpg,Corporate,http://example.com/employee/profile,CEO office,"Ceo,tag1, tag2",false,Intern,O-7143,O-6748,
Valle Saavedra,https://raw.githubusercontent.com/bumbeishvili/Assets/master/Projects/D3/Organization%20Chart/general.jpg,Corporate,http://example.com/employee/profile,CEO office,"Ceo,tag1, tag2",false,Junior Inovator,O-7144,O-6749,
Regina Murphy,https://raw.githubusercontent.com/bumbeishvili/Assets/master/Projects/D3/Organization%20Chart/general.jpg,Corporate,http://example.com/employee/profile,CEO office,"Ceo,tag1, tag2",false,Developer,O-7145,O-6749,
Mayumi Ohno,https://raw.githubusercontent.com/bumbeishvili/Assets/master/Projects/D3/Organization%20Chart/general.jpg,Corporate,http://example.com/employee/profile,CEO office,"Ceo,tag1, tag2",false,Senior developer,O-7146,O-6749,
SizePalette,https://raw.githubusercontent.com/bumbeishvili/Assets/master/Projects/D3/Organization%20Chart/general.jpg,Corporate,http://example.com/employee/profile,CEO office,"Ceo,tag1, tag2",false,System analyst,O-7147,O-6749,
Peter Wilson,https://raw.githubusercontent.com/bumbeishvili/Assets/master/Projects/D3/Organization%20Chart/general.jpg,Corporate,http://example.com/employee/profile,CEO office,"Ceo,tag1, tag2",false,Head of channels,O-7148,O-6750,
Carlos Diaz,https://raw.githubusercontent.com/bumbeishvili/Assets/master/Projects/D3/Organization%20Chart/general.jpg,Corporate,http://example.com/employee/profile,CEO office,"Ceo,tag1, tag2",false,Senior Android Developer,O-7149,O-6750,
Sven Petersen,https://raw.githubusercontent.com/bumbeishvili/Assets/master/Projects/D3/Organization%20Chart/general.jpg,Corporate,http://example.com/employee/profile,CEO office,"Ceo,tag1, tag2",false,Senior Developer,O-7150,O-6750,
Callahan Laura,https://raw.githubusercontent.com/bumbeishvili/Assets/master/Projects/D3/Organization%20Chart/general.jpg,Corporate,http://example.com/employee/profile,CEO office,"Ceo,tag1, tag2",false,Junior sales manager,O-7151,O-6755,
Dodsworth Anne,https://raw.githubusercontent.com/bumbeishvili/Assets/master/Projects/D3/Organization%20Chart/general.jpg,Corporate,http://example.com/employee/profile,CEO office,"Ceo,tag1, tag2",false,Junior sales manager,O-7152,O-6755,
Shelley Burke,https://raw.githubusercontent.com/bumbeishvili/Assets/master/Projects/D3/Organization%20Chart/general.jpg,Corporate,http://example.com/employee/profile,CEO office,"Ceo,tag1, tag2",false,Intern,O-7153,O-6757,
Valle Saavedra,https://raw.githubusercontent.com/bumbeishvili/Assets/master/Projects/D3/Organization%20Chart/general.jpg,Corporate,http://example.com/employee/profile,CEO office,"Ceo,tag1, tag2",false,Junior Inovator,O-7154,O-6758,
Regina Murphy,https://raw.githubusercontent.com/bumbeishvili/Assets/master/Projects/D3/Organization%20Chart/general.jpg,Corporate,http://example.com/employee/profile,CEO office,"Ceo,tag1, tag2",false,Developer,O-7155,O-6758,
Mayumi Ohno,https://raw.githubusercontent.com/bumbeishvili/Assets/master/Projects/D3/Organization%20Chart/general.jpg,Corporate,http://example.com/employee/profile,CEO office,"Ceo,tag1, tag2",false,Senior developer,O-7156,O-6758,
SizePalette,https://raw.githubusercontent.com/bumbeishvili/Assets/master/Projects/D3/Organization%20Chart/general.jpg,Corporate,http://example.com/employee/profile,CEO office,"Ceo,tag1, tag2",false,System analyst,O-7157,O-6758,
 Leverling Janet,https://raw.githubusercontent.com/bumbeishvili/Assets/master/Projects/D3/Organization%20Chart/female.jpg,Corporate,http://example.com/employee/profile,CEO office,"Ceo,tag1, tag2",false,CTO ,O-7158,O-6759,
Fuller Andrew,https://raw.githubusercontent.com/bumbeishvili/Assets/master/Projects/D3/Organization%20Chart/general.jpg,Corporate,http://example.com/employee/profile,CEO office,"Ceo,tag1, tag2",false,Linear Manager,O-7159,O-6759,
Peacock Margaret,https://raw.githubusercontent.com/bumbeishvili/Assets/master/Projects/D3/Organization%20Chart/general.jpg,Corporate,http://example.com/employee/profile,CEO office,"Ceo,tag1, tag2",false,CEO,O-7160,O-6759,
Buchanan Steven,https://raw.githubusercontent.com/bumbeishvili/Assets/master/Projects/D3/Organization%20Chart/general.jpg,Corporate,http://example.com/employee/profile,CEO office,"Ceo,tag1, tag2",false,Head of direction,O-7161,O-6759,
Suyama Michael,https://raw.githubusercontent.com/bumbeishvili/Assets/master/Projects/D3/Organization%20Chart/general.jpg,Corporate,http://example.com/employee/profile,CEO office,"Ceo,tag1, tag2",false,Senior sales manager,O-7162,O-6759,
King Robert,https://raw.githubusercontent.com/bumbeishvili/Assets/master/Projects/D3/Organization%20Chart/general.jpg,Corporate,http://example.com/employee/profile,CEO office,"Ceo,tag1, tag2",false,Senior Sales Manager,O-7163,O-6759,
West Adam,https://raw.githubusercontent.com/bumbeishvili/Assets/master/Projects/D3/Organization%20Chart/general.jpg,Corporate,http://example.com/employee/profile,CEO office,"Ceo,tag1, tag2",false,CTO,O-7164,O-6759,
Charlotte Cooper,https://raw.githubusercontent.com/bumbeishvili/Assets/master/Projects/D3/Organization%20Chart/general.jpg,Corporate,http://example.com/employee/profile,CEO office,"Ceo,tag1, tag2",false,Senior Trader,O-7165,O-6759,
Yoshi Nagase,https://raw.githubusercontent.com/bumbeishvili/Assets/master/Projects/D3/Organization%20Chart/general.jpg,Corporate,http://example.com/employee/profile,CEO office,"Ceo,tag1, tag2",false,Head of laboratory,O-7166,O-6759,
 Leverling Janet,https://raw.githubusercontent.com/bumbeishvili/Assets/master/Projects/D3/Organization%20Chart/female.jpg,Corporate,http://example.com/employee/profile,CEO office,"Ceo,tag1, tag2",false,CTO ,O-7167,O-6761,
Fuller Andrew,https://raw.githubusercontent.com/bumbeishvili/Assets/master/Projects/D3/Organization%20Chart/general.jpg,Corporate,http://example.com/employee/profile,CEO office,"Ceo,tag1, tag2",false,Linear Manager,O-7168,O-6761,
Peacock Margaret,https://raw.githubusercontent.com/bumbeishvili/Assets/master/Projects/D3/Organization%20Chart/general.jpg,Corporate,http://example.com/employee/profile,CEO office,"Ceo,tag1, tag2",false,CEO,O-7169,O-6761,
Buchanan Steven,https://raw.githubusercontent.com/bumbeishvili/Assets/master/Projects/D3/Organization%20Chart/general.jpg,Corporate,http://example.com/employee/profile,CEO office,"Ceo,tag1, tag2",false,Head of direction,O-7170,O-6761,
Suyama Michael,https://raw.githubusercontent.com/bumbeishvili/Assets/master/Projects/D3/Organization%20Chart/general.jpg,Corporate,http://example.com/employee/profile,CEO office,"Ceo,tag1, tag2",false,Senior sales manager,O-7171,O-6761,
King Robert,https://raw.githubusercontent.com/bumbeishvili/Assets/master/Projects/D3/Organization%20Chart/general.jpg,Corporate,http://example.com/employee/profile,CEO office,"Ceo,tag1, tag2",false,Senior Sales Manager,O-7172,O-6761,
West Adam,https://raw.githubusercontent.com/bumbeishvili/Assets/master/Projects/D3/Organization%20Chart/general.jpg,Corporate,http://example.com/employee/profile,CEO office,"Ceo,tag1, tag2",false,CTO,O-7173,O-6761,
Charlotte Cooper,https://raw.githubusercontent.com/bumbeishvili/Assets/master/Projects/D3/Organization%20Chart/general.jpg,Corporate,http://example.com/employee/profile,CEO office,"Ceo,tag1, tag2",false,Senior Trader,O-7174,O-6761,
Yoshi Nagase,https://raw.githubusercontent.com/bumbeishvili/Assets/master/Projects/D3/Organization%20Chart/general.jpg,Corporate,http://example.com/employee/profile,CEO office,"Ceo,tag1, tag2",false,Head of laboratory,O-7175,O-6761,
Peter Wilson,https://raw.githubusercontent.com/bumbeishvili/Assets/master/Projects/D3/Organization%20Chart/general.jpg,Corporate,http://example.com/employee/profile,CEO office,"Ceo,tag1, tag2",false,Head of channels,O-7176,O-6766,
Carlos Diaz,https://raw.githubusercontent.com/bumbeishvili/Assets/master/Projects/D3/Organization%20Chart/general.jpg,Corporate,http://example.com/employee/profile,CEO office,"Ceo,tag1, tag2",false,Senior Android Developer,O-7177,O-6766,
Sven Petersen,https://raw.githubusercontent.com/bumbeishvili/Assets/master/Projects/D3/Organization%20Chart/general.jpg,Corporate,http://example.com/employee/profile,CEO office,"Ceo,tag1, tag2",false,Senior Developer,O-7178,O-6766,
Callahan Laura,https://raw.githubusercontent.com/bumbeishvili/Assets/master/Projects/D3/Organization%20Chart/general.jpg,Corporate,http://example.com/employee/profile,CEO office,"Ceo,tag1, tag2",false,Junior sales manager,O-7179,O-6771,
Dodsworth Anne,https://raw.githubusercontent.com/bumbeishvili/Assets/master/Projects/D3/Organization%20Chart/general.jpg,Corporate,http://example.com/employee/profile,CEO office,"Ceo,tag1, tag2",false,Junior sales manager,O-7180,O-6771,
Shelley Burke,https://raw.githubusercontent.com/bumbeishvili/Assets/master/Projects/D3/Organization%20Chart/general.jpg,Corporate,http://example.com/employee/profile,CEO office,"Ceo,tag1, tag2",false,Intern,O-7181,O-6773,
Valle Saavedra,https://raw.githubusercontent.com/bumbeishvili/Assets/master/Projects/D3/Organization%20Chart/general.jpg,Corporate,http://example.com/employee/profile,CEO office,"Ceo,tag1, tag2",false,Junior Inovator,O-7182,O-6774,
Regina Murphy,https://raw.githubusercontent.com/bumbeishvili/Assets/master/Projects/D3/Organization%20Chart/general.jpg,Corporate,http://example.com/employee/profile,CEO office,"Ceo,tag1, tag2",false,Developer,O-7183,O-6774,
Mayumi Ohno,https://raw.githubusercontent.com/bumbeishvili/Assets/master/Projects/D3/Organization%20Chart/general.jpg,Corporate,http://example.com/employee/profile,CEO office,"Ceo,tag1, tag2",false,Senior developer,O-7184,O-6774,
SizePalette,https://raw.githubusercontent.com/bumbeishvili/Assets/master/Projects/D3/Organization%20Chart/general.jpg,Corporate,http://example.com/employee/profile,CEO office,"Ceo,tag1, tag2",false,System analyst,O-7185,O-6774,
Peter Wilson,https://raw.githubusercontent.com/bumbeishvili/Assets/master/Projects/D3/Organization%20Chart/general.jpg,Corporate,http://example.com/employee/profile,CEO office,"Ceo,tag1, tag2",false,Head of channels,O-7186,O-6775,
Carlos Diaz,https://raw.githubusercontent.com/bumbeishvili/Assets/master/Projects/D3/Organization%20Chart/general.jpg,Corporate,http://example.com/employee/profile,CEO office,"Ceo,tag1, tag2",false,Senior Android Developer,O-7187,O-6775,
Sven Petersen,https://raw.githubusercontent.com/bumbeishvili/Assets/master/Projects/D3/Organization%20Chart/general.jpg,Corporate,http://example.com/employee/profile,CEO office,"Ceo,tag1, tag2",false,Senior Developer,O-7188,O-6775,
Callahan Laura,https://raw.githubusercontent.com/bumbeishvili/Assets/master/Projects/D3/Organization%20Chart/general.jpg,Corporate,http://example.com/employee/profile,CEO office,"Ceo,tag1, tag2",false,Junior sales manager,O-7189,O-6780,
Dodsworth Anne,https://raw.githubusercontent.com/bumbeishvili/Assets/master/Projects/D3/Organization%20Chart/general.jpg,Corporate,http://example.com/employee/profile,CEO office,"Ceo,tag1, tag2",false,Junior sales manager,O-7190,O-6780,
Shelley Burke,https://raw.githubusercontent.com/bumbeishvili/Assets/master/Projects/D3/Organization%20Chart/general.jpg,Corporate,http://example.com/employee/profile,CEO office,"Ceo,tag1, tag2",false,Intern,O-7191,O-6782,
Valle Saavedra,https://raw.githubusercontent.com/bumbeishvili/Assets/master/Projects/D3/Organization%20Chart/general.jpg,Corporate,http://example.com/employee/profile,CEO office,"Ceo,tag1, tag2",false,Junior Inovator,O-7192,O-6783,
Regina Murphy,https://raw.githubusercontent.com/bumbeishvili/Assets/master/Projects/D3/Organization%20Chart/general.jpg,Corporate,http://example.com/employee/profile,CEO office,"Ceo,tag1, tag2",false,Developer,O-7193,O-6783,
Mayumi Ohno,https://raw.githubusercontent.com/bumbeishvili/Assets/master/Projects/D3/Organization%20Chart/general.jpg,Corporate,http://example.com/employee/profile,CEO office,"Ceo,tag1, tag2",false,Senior developer,O-7194,O-6783,
SizePalette,https://raw.githubusercontent.com/bumbeishvili/Assets/master/Projects/D3/Organization%20Chart/general.jpg,Corporate,http://example.com/employee/profile,CEO office,"Ceo,tag1, tag2",false,System analyst,O-7195,O-6783,
Peter Wilson,https://raw.githubusercontent.com/bumbeishvili/Assets/master/Projects/D3/Organization%20Chart/general.jpg,Corporate,http://example.com/employee/profile,CEO office,"Ceo,tag1, tag2",false,Head of channels,O-7196,O-6784,
Carlos Diaz,https://raw.githubusercontent.com/bumbeishvili/Assets/master/Projects/D3/Organization%20Chart/general.jpg,Corporate,http://example.com/employee/profile,CEO office,"Ceo,tag1, tag2",false,Senior Android Developer,O-7197,O-6784,
Sven Petersen,https://raw.githubusercontent.com/bumbeishvili/Assets/master/Projects/D3/Organization%20Chart/general.jpg,Corporate,http://example.com/employee/profile,CEO office,"Ceo,tag1, tag2",false,Senior Developer,O-7198,O-6784,
Callahan Laura,https://raw.githubusercontent.com/bumbeishvili/Assets/master/Projects/D3/Organization%20Chart/general.jpg,Corporate,http://example.com/employee/profile,CEO office,"Ceo,tag1, tag2",false,Junior sales manager,O-7199,O-6789,
Dodsworth Anne,https://raw.githubusercontent.com/bumbeishvili/Assets/master/Projects/D3/Organization%20Chart/general.jpg,Corporate,http://example.com/employee/profile,CEO office,"Ceo,tag1, tag2",false,Junior sales manager,O-7200,O-6789,
Shelley Burke,https://raw.githubusercontent.com/bumbeishvili/Assets/master/Projects/D3/Organization%20Chart/general.jpg,Corporate,http://example.com/employee/profile,CEO office,"Ceo,tag1, tag2",false,Intern,O-7201,O-6791,
Valle Saavedra,https://raw.githubusercontent.com/bumbeishvili/Assets/master/Projects/D3/Organization%20Chart/general.jpg,Corporate,http://example.com/employee/profile,CEO office,"Ceo,tag1, tag2",false,Junior Inovator,O-7202,O-6792,
Regina Murphy,https://raw.githubusercontent.com/bumbeishvili/Assets/master/Projects/D3/Organization%20Chart/general.jpg,Corporate,http://example.com/employee/profile,CEO office,"Ceo,tag1, tag2",false,Developer,O-7203,O-6792,
Mayumi Ohno,https://raw.githubusercontent.com/bumbeishvili/Assets/master/Projects/D3/Organization%20Chart/general.jpg,Corporate,http://example.com/employee/profile,CEO office,"Ceo,tag1, tag2",false,Senior developer,O-7204,O-6792,
SizePalette,https://raw.githubusercontent.com/bumbeishvili/Assets/master/Projects/D3/Organization%20Chart/general.jpg,Corporate,http://example.com/employee/profile,CEO office,"Ceo,tag1, tag2",false,System analyst,O-7205,O-6792,
 Leverling Janet,https://raw.githubusercontent.com/bumbeishvili/Assets/master/Projects/D3/Organization%20Chart/female.jpg,Corporate,http://example.com/employee/profile,CEO office,"Ceo,tag1, tag2",false,CTO ,O-7206,O-6793,
Fuller Andrew,https://raw.githubusercontent.com/bumbeishvili/Assets/master/Projects/D3/Organization%20Chart/general.jpg,Corporate,http://example.com/employee/profile,CEO office,"Ceo,tag1, tag2",false,Linear Manager,O-7207,O-6793,
Peacock Margaret,https://raw.githubusercontent.com/bumbeishvili/Assets/master/Projects/D3/Organization%20Chart/general.jpg,Corporate,http://example.com/employee/profile,CEO office,"Ceo,tag1, tag2",false,CEO,O-7208,O-6793,
Buchanan Steven,https://raw.githubusercontent.com/bumbeishvili/Assets/master/Projects/D3/Organization%20Chart/general.jpg,Corporate,http://example.com/employee/profile,CEO office,"Ceo,tag1, tag2",false,Head of direction,O-7209,O-6793,
Suyama Michael,https://raw.githubusercontent.com/bumbeishvili/Assets/master/Projects/D3/Organization%20Chart/general.jpg,Corporate,http://example.com/employee/profile,CEO office,"Ceo,tag1, tag2",true,Senior sales manager,O-7210,O-6793,
King Robert,https://raw.githubusercontent.com/bumbeishvili/Assets/master/Projects/D3/Organization%20Chart/general.jpg,Corporate,http://example.com/employee/profile,CEO office,"Ceo,tag1, tag2",false,Senior Sales Manager,O-7211,O-6793,
West Adam,https://raw.githubusercontent.com/bumbeishvili/Assets/master/Projects/D3/Organization%20Chart/general.jpg,Corporate,http://example.com/employee/profile,CEO office,"Ceo,tag1, tag2",false,CTO,O-7212,O-6793,
Charlotte Cooper,https://raw.githubusercontent.com/bumbeishvili/Assets/master/Projects/D3/Organization%20Chart/general.jpg,Corporate,http://example.com/employee/profile,CEO office,"Ceo,tag1, tag2",false,Senior Trader,O-7213,O-6793,
Yoshi Nagase,https://raw.githubusercontent.com/bumbeishvili/Assets/master/Projects/D3/Organization%20Chart/general.jpg,Corporate,http://example.com/employee/profile,CEO office,"Ceo,tag1, tag2",false,Head of laboratory,O-7214,O-6793,
 Leverling Janet,https://raw.githubusercontent.com/bumbeishvili/Assets/master/Projects/D3/Organization%20Chart/female.jpg,Corporate,http://example.com/employee/profile,CEO office,"Ceo,tag1, tag2",false,CTO ,O-7215,O-6795,
Fuller Andrew,https://raw.githubusercontent.com/bumbeishvili/Assets/master/Projects/D3/Organization%20Chart/general.jpg,Corporate,http://example.com/employee/profile,CEO office,"Ceo,tag1, tag2",false,Linear Manager,O-7216,O-6795,
Peacock Margaret,https://raw.githubusercontent.com/bumbeishvili/Assets/master/Projects/D3/Organization%20Chart/general.jpg,Corporate,http://example.com/employee/profile,CEO office,"Ceo,tag1, tag2",false,CEO,O-7217,O-6795,
Buchanan Steven,https://raw.githubusercontent.com/bumbeishvili/Assets/master/Projects/D3/Organization%20Chart/general.jpg,Corporate,http://example.com/employee/profile,CEO office,"Ceo,tag1, tag2",false,Head of direction,O-7218,O-6795,
Suyama Michael,https://raw.githubusercontent.com/bumbeishvili/Assets/master/Projects/D3/Organization%20Chart/general.jpg,Corporate,http://example.com/employee/profile,CEO office,"Ceo,tag1, tag2",false,Senior sales manager,O-7219,O-6795,
King Robert,https://raw.githubusercontent.com/bumbeishvili/Assets/master/Projects/D3/Organization%20Chart/general.jpg,Corporate,http://example.com/employee/profile,CEO office,"Ceo,tag1, tag2",false,Senior Sales Manager,O-7220,O-6795,
West Adam,https://raw.githubusercontent.com/bumbeishvili/Assets/master/Projects/D3/Organization%20Chart/general.jpg,Corporate,http://example.com/employee/profile,CEO office,"Ceo,tag1, tag2",false,CTO,O-7221,O-6795,
Charlotte Cooper,https://raw.githubusercontent.com/bumbeishvili/Assets/master/Projects/D3/Organization%20Chart/general.jpg,Corporate,http://example.com/employee/profile,CEO office,"Ceo,tag1, tag2",false,Senior Trader,O-7222,O-6795,
Yoshi Nagase,https://raw.githubusercontent.com/bumbeishvili/Assets/master/Projects/D3/Organization%20Chart/general.jpg,Corporate,http://example.com/employee/profile,CEO office,"Ceo,tag1, tag2",false,Head of laboratory,O-7223,O-6795,
 Lars Peterson,https://raw.githubusercontent.com/bumbeishvili/Assets/master/Projects/D3/Organization%20Chart/general.jpg,Corporate,http://example.com/employee/profile,CEO office,"Ceo,tag1, tag2",false,Anakyst Developer,O-7224,O-6800,
 Petra Winkler,https://raw.githubusercontent.com/bumbeishvili/Assets/master/Projects/D3/Organization%20Chart/general.jpg,Corporate,http://example.com/employee/profile,CEO office,"Ceo,tag1, tag2",false,Android Developer,O-7225,O-6801,
Martin Bein,https://raw.githubusercontent.com/bumbeishvili/Assets/master/Projects/D3/Organization%20Chart/general.jpg,Corporate,http://example.com/employee/profile,CEO office,"Ceo,tag1, tag2",false,Ios Developer,O-7226,O-6801,2023
Current User,https://raw.githubusercontent.com/bumbeishvili/Assets/master/Projects/D3/Organization%20Chart/bean.png,Corporate,http://example.com/employee/profile,CEO office,"Ceo,tag1, tag2",false,Web Developer,O-7227,O-6802,
Beate Vileid,https://raw.githubusercontent.com/bumbeishvili/Assets/master/Projects/D3/Organization%20Chart/general.jpg,Corporate,http://example.com/employee/profile,CEO office,"Ceo,tag1, tag2",false,Junior Developer,O-7228,O-6802,
 Lars Peterson,https://raw.githubusercontent.com/bumbeishvili/Assets/master/Projects/D3/Organization%20Chart/general.jpg,Corporate,http://example.com/employee/profile,CEO office,"Ceo,tag1, tag2",false,Anakyst Developer,O-7229,O-6810,
 Petra Winkler,https://raw.githubusercontent.com/bumbeishvili/Assets/master/Projects/D3/Organization%20Chart/general.jpg,Corporate,http://example.com/employee/profile,CEO office,"Ceo,tag1, tag2",false,Android Developer,O-7230,O-6811,
Martin Bein,https://raw.githubusercontent.com/bumbeishvili/Assets/master/Projects/D3/Organization%20Chart/general.jpg,Corporate,http://example.com/employee/profile,CEO office,"Ceo,tag1, tag2",false,Ios Developer,O-7231,O-6811,2023
Current User,https://raw.githubusercontent.com/bumbeishvili/Assets/master/Projects/D3/Organization%20Chart/bean.png,Corporate,http://example.com/employee/profile,CEO office,"Ceo,tag1, tag2",false,Web Developer,O-7232,O-6812,
Beate Vileid,https://raw.githubusercontent.com/bumbeishvili/Assets/master/Projects/D3/Organization%20Chart/general.jpg,Corporate,http://example.com/employee/profile,CEO office,"Ceo,tag1, tag2",false,Junior Developer,O-7233,O-6812,
 Lars Peterson,https://raw.githubusercontent.com/bumbeishvili/Assets/master/Projects/D3/Organization%20Chart/general.jpg,Corporate,http://example.com/employee/profile,CEO office,"Ceo,tag1, tag2",false,Anakyst Developer,O-7234,O-6820,
 Petra Winkler,https://raw.githubusercontent.com/bumbeishvili/Assets/master/Projects/D3/Organization%20Chart/general.jpg,Corporate,http://example.com/employee/profile,CEO office,"Ceo,tag1, tag2",false,Android Developer,O-7235,O-6821,
Martin Bein,https://raw.githubusercontent.com/bumbeishvili/Assets/master/Projects/D3/Organization%20Chart/general.jpg,Corporate,http://example.com/employee/profile,CEO office,"Ceo,tag1, tag2",false,Ios Developer,O-7236,O-6821,2023
Current User,https://raw.githubusercontent.com/bumbeishvili/Assets/master/Projects/D3/Organization%20Chart/bean.png,Corporate,http://example.com/employee/profile,CEO office,"Ceo,tag1, tag2",false,Web Developer,O-7237,O-6822,
Beate Vileid,https://raw.githubusercontent.com/bumbeishvili/Assets/master/Projects/D3/Organization%20Chart/general.jpg,Corporate,http://example.com/employee/profile,CEO office,"Ceo,tag1, tag2",false,Junior Developer,O-7238,O-6822,
Peter Wilson,https://raw.githubusercontent.com/bumbeishvili/Assets/master/Projects/D3/Organization%20Chart/general.jpg,Corporate,http://example.com/employee/profile,CEO office,"Ceo,tag1, tag2",false,Head of channels,O-7239,O-6830,
Carlos Diaz,https://raw.githubusercontent.com/bumbeishvili/Assets/master/Projects/D3/Organization%20Chart/general.jpg,Corporate,http://example.com/employee/profile,CEO office,"Ceo,tag1, tag2",false,Senior Android Developer,O-7240,O-6830,
Sven Petersen,https://raw.githubusercontent.com/bumbeishvili/Assets/master/Projects/D3/Organization%20Chart/general.jpg,Corporate,http://example.com/employee/profile,CEO office,"Ceo,tag1, tag2",false,Senior Developer,O-7241,O-6830,
Callahan Laura,https://raw.githubusercontent.com/bumbeishvili/Assets/master/Projects/D3/Organization%20Chart/general.jpg,Corporate,http://example.com/employee/profile,CEO office,"Ceo,tag1, tag2",false,Junior sales manager,O-7242,O-6835,
Dodsworth Anne,https://raw.githubusercontent.com/bumbeishvili/Assets/master/Projects/D3/Organization%20Chart/general.jpg,Corporate,http://example.com/employee/profile,CEO office,"Ceo,tag1, tag2",false,Junior sales manager,O-7243,O-6835,
Shelley Burke,https://raw.githubusercontent.com/bumbeishvili/Assets/master/Projects/D3/Organization%20Chart/general.jpg,Corporate,http://example.com/employee/profile,CEO office,"Ceo,tag1, tag2",false,Intern,O-7244,O-6837,
Valle Saavedra,https://raw.githubusercontent.com/bumbeishvili/Assets/master/Projects/D3/Organization%20Chart/general.jpg,Corporate,http://example.com/employee/profile,CEO office,"Ceo,tag1, tag2",false,Junior Inovator,O-7245,O-6838,
Regina Murphy,https://raw.githubusercontent.com/bumbeishvili/Assets/master/Projects/D3/Organization%20Chart/general.jpg,Corporate,http://example.com/employee/profile,CEO office,"Ceo,tag1, tag2",false,Developer,O-7246,O-6838,
Mayumi Ohno,https://raw.githubusercontent.com/bumbeishvili/Assets/master/Projects/D3/Organization%20Chart/general.jpg,Corporate,http://example.com/employee/profile,CEO office,"Ceo,tag1, tag2",false,Senior developer,O-7247,O-6838,
SizePalette,https://raw.githubusercontent.com/bumbeishvili/Assets/master/Projects/D3/Organization%20Chart/general.jpg,Corporate,http://example.com/employee/profile,CEO office,"Ceo,tag1, tag2",false,System analyst,O-7248,O-6838,
Peter Wilson,https://raw.githubusercontent.com/bumbeishvili/Assets/master/Projects/D3/Organization%20Chart/general.jpg,Corporate,http://example.com/employee/profile,CEO office,"Ceo,tag1, tag2",false,Head of channels,O-7249,O-6839,
Carlos Diaz,https://raw.githubusercontent.com/bumbeishvili/Assets/master/Projects/D3/Organization%20Chart/general.jpg,Corporate,http://example.com/employee/profile,CEO office,"Ceo,tag1, tag2",false,Senior Android Developer,O-7250,O-6839,
Sven Petersen,https://raw.githubusercontent.com/bumbeishvili/Assets/master/Projects/D3/Organization%20Chart/general.jpg,Corporate,http://example.com/employee/profile,CEO office,"Ceo,tag1, tag2",false,Senior Developer,O-7251,O-6839,
Callahan Laura,https://raw.githubusercontent.com/bumbeishvili/Assets/master/Projects/D3/Organization%20Chart/general.jpg,Corporate,http://example.com/employee/profile,CEO office,"Ceo,tag1, tag2",false,Junior sales manager,O-7252,O-6844,
Dodsworth Anne,https://raw.githubusercontent.com/bumbeishvili/Assets/master/Projects/D3/Organization%20Chart/general.jpg,Corporate,http://example.com/employee/profile,CEO office,"Ceo,tag1, tag2",false,Junior sales manager,O-7253,O-6844,
Shelley Burke,https://raw.githubusercontent.com/bumbeishvili/Assets/master/Projects/D3/Organization%20Chart/general.jpg,Corporate,http://example.com/employee/profile,CEO office,"Ceo,tag1, tag2",false,Intern,O-7254,O-6846,
Valle Saavedra,https://raw.githubusercontent.com/bumbeishvili/Assets/master/Projects/D3/Organization%20Chart/general.jpg,Corporate,http://example.com/employee/profile,CEO office,"Ceo,tag1, tag2",false,Junior Inovator,O-7255,O-6847,
Regina Murphy,https://raw.githubusercontent.com/bumbeishvili/Assets/master/Projects/D3/Organization%20Chart/general.jpg,Corporate,http://example.com/employee/profile,CEO office,"Ceo,tag1, tag2",false,Developer,O-7256,O-6847,
Mayumi Ohno,https://raw.githubusercontent.com/bumbeishvili/Assets/master/Projects/D3/Organization%20Chart/general.jpg,Corporate,http://example.com/employee/profile,CEO office,"Ceo,tag1, tag2",false,Senior developer,O-7257,O-6847,
SizePalette,https://raw.githubusercontent.com/bumbeishvili/Assets/master/Projects/D3/Organization%20Chart/general.jpg,Corporate,http://example.com/employee/profile,CEO office,"Ceo,tag1, tag2",false,System analyst,O-7258,O-6847,
 Lars Peterson,https://raw.githubusercontent.com/bumbeishvili/Assets/master/Projects/D3/Organization%20Chart/general.jpg,Corporate,http://example.com/employee/profile,CEO office,"Ceo,tag1, tag2",false,Anakyst Developer,O-7259,O-6848,
 Petra Winkler,https://raw.githubusercontent.com/bumbeishvili/Assets/master/Projects/D3/Organization%20Chart/general.jpg,Corporate,http://example.com/employee/profile,CEO office,"Ceo,tag1, tag2",false,Android Developer,O-7260,O-6849,
Martin Bein,https://raw.githubusercontent.com/bumbeishvili/Assets/master/Projects/D3/Organization%20Chart/general.jpg,Corporate,http://example.com/employee/profile,CEO office,"Ceo,tag1, tag2",false,Ios Developer,O-7261,O-6849,2023
Current User,https://raw.githubusercontent.com/bumbeishvili/Assets/master/Projects/D3/Organization%20Chart/bean.png,Corporate,http://example.com/employee/profile,CEO office,"Ceo,tag1, tag2",false,Web Developer,O-7262,O-6850,
Beate Vileid,https://raw.githubusercontent.com/bumbeishvili/Assets/master/Projects/D3/Organization%20Chart/general.jpg,Corporate,http://example.com/employee/profile,CEO office,"Ceo,tag1, tag2",false,Junior Developer,O-7263,O-6850,
 Lars Peterson,https://raw.githubusercontent.com/bumbeishvili/Assets/master/Projects/D3/Organization%20Chart/general.jpg,Corporate,http://example.com/employee/profile,CEO office,"Ceo,tag1, tag2",false,Anakyst Developer,O-7264,O-6858,
 Petra Winkler,https://raw.githubusercontent.com/bumbeishvili/Assets/master/Projects/D3/Organization%20Chart/general.jpg,Corporate,http://example.com/employee/profile,CEO office,"Ceo,tag1, tag2",false,Android Developer,O-7265,O-6859,
Martin Bein,https://raw.githubusercontent.com/bumbeishvili/Assets/master/Projects/D3/Organization%20Chart/general.jpg,Corporate,http://example.com/employee/profile,CEO office,"Ceo,tag1, tag2",false,Ios Developer,O-7266,O-6859,2023
Current User,https://raw.githubusercontent.com/bumbeishvili/Assets/master/Projects/D3/Organization%20Chart/bean.png,Corporate,http://example.com/employee/profile,CEO office,"Ceo,tag1, tag2",false,Web Developer,O-7267,O-6860,
Beate Vileid,https://raw.githubusercontent.com/bumbeishvili/Assets/master/Projects/D3/Organization%20Chart/general.jpg,Corporate,http://example.com/employee/profile,CEO office,"Ceo,tag1, tag2",false,Junior Developer,O-7268,O-6860,
 Lars Peterson,https://raw.githubusercontent.com/bumbeishvili/Assets/master/Projects/D3/Organization%20Chart/general.jpg,Corporate,http://example.com/employee/profile,CEO office,"Ceo,tag1, tag2",false,Anakyst Developer,O-7269,O-6868,
 Petra Winkler,https://raw.githubusercontent.com/bumbeishvili/Assets/master/Projects/D3/Organization%20Chart/general.jpg,Corporate,http://example.com/employee/profile,CEO office,"Ceo,tag1, tag2",false,Android Developer,O-7270,O-6869,
Martin Bein,https://raw.githubusercontent.com/bumbeishvili/Assets/master/Projects/D3/Organization%20Chart/general.jpg,Corporate,http://example.com/employee/profile,CEO office,"Ceo,tag1, tag2",false,Ios Developer,O-7271,O-6869,2023
Current User,https://raw.githubusercontent.com/bumbeishvili/Assets/master/Projects/D3/Organization%20Chart/bean.png,Corporate,http://example.com/employee/profile,CEO office,"Ceo,tag1, tag2",false,Web Developer,O-7272,O-6870,
Beate Vileid,https://raw.githubusercontent.com/bumbeishvili/Assets/master/Projects/D3/Organization%20Chart/general.jpg,Corporate,http://example.com/employee/profile,CEO office,"Ceo,tag1, tag2",false,Junior Developer,O-7273,O-6870,
Peter Wilson,https://raw.githubusercontent.com/bumbeishvili/Assets/master/Projects/D3/Organization%20Chart/general.jpg,Corporate,http://example.com/employee/profile,CEO office,"Ceo,tag1, tag2",false,Head of channels,O-7274,O-6878,
Carlos Diaz,https://raw.githubusercontent.com/bumbeishvili/Assets/master/Projects/D3/Organization%20Chart/general.jpg,Corporate,http://example.com/employee/profile,CEO office,"Ceo,tag1, tag2",false,Senior Android Developer,O-7275,O-6878,
Sven Petersen,https://raw.githubusercontent.com/bumbeishvili/Assets/master/Projects/D3/Organization%20Chart/general.jpg,Corporate,http://example.com/employee/profile,CEO office,"Ceo,tag1, tag2",false,Senior Developer,O-7276,O-6878,
Callahan Laura,https://raw.githubusercontent.com/bumbeishvili/Assets/master/Projects/D3/Organization%20Chart/general.jpg,Corporate,http://example.com/employee/profile,CEO office,"Ceo,tag1, tag2",false,Junior sales manager,O-7277,O-6883,
Dodsworth Anne,https://raw.githubusercontent.com/bumbeishvili/Assets/master/Projects/D3/Organization%20Chart/general.jpg,Corporate,http://example.com/employee/profile,CEO office,"Ceo,tag1, tag2",false,Junior sales manager,O-7278,O-6883,
Shelley Burke,https://raw.githubusercontent.com/bumbeishvili/Assets/master/Projects/D3/Organization%20Chart/general.jpg,Corporate,http://example.com/employee/profile,CEO office,"Ceo,tag1, tag2",false,Intern,O-7279,O-6885,
Valle Saavedra,https://raw.githubusercontent.com/bumbeishvili/Assets/master/Projects/D3/Organization%20Chart/general.jpg,Corporate,http://example.com/employee/profile,CEO office,"Ceo,tag1, tag2",false,Junior Inovator,O-7280,O-6886,
Regina Murphy,https://raw.githubusercontent.com/bumbeishvili/Assets/master/Projects/D3/Organization%20Chart/general.jpg,Corporate,http://example.com/employee/profile,CEO office,"Ceo,tag1, tag2",false,Developer,O-7281,O-6886,
Mayumi Ohno,https://raw.githubusercontent.com/bumbeishvili/Assets/master/Projects/D3/Organization%20Chart/general.jpg,Corporate,http://example.com/employee/profile,CEO office,"Ceo,tag1, tag2",false,Senior developer,O-7282,O-6886,
SizePalette,https://raw.githubusercontent.com/bumbeishvili/Assets/master/Projects/D3/Organization%20Chart/general.jpg,Corporate,http://example.com/employee/profile,CEO office,"Ceo,tag1, tag2",false,System analyst,O-7283,O-6886,
Peter Wilson,https://raw.githubusercontent.com/bumbeishvili/Assets/master/Projects/D3/Organization%20Chart/general.jpg,Corporate,http://example.com/employee/profile,CEO office,"Ceo,tag1, tag2",false,Head of channels,O-7284,O-6887,
Carlos Diaz,https://raw.githubusercontent.com/bumbeishvili/Assets/master/Projects/D3/Organization%20Chart/general.jpg,Corporate,http://example.com/employee/profile,CEO office,"Ceo,tag1, tag2",false,Senior Android Developer,O-7285,O-6887,
Sven Petersen,https://raw.githubusercontent.com/bumbeishvili/Assets/master/Projects/D3/Organization%20Chart/general.jpg,Corporate,http://example.com/employee/profile,CEO office,"Ceo,tag1, tag2",false,Senior Developer,O-7286,O-6887,
Callahan Laura,https://raw.githubusercontent.com/bumbeishvili/Assets/master/Projects/D3/Organization%20Chart/general.jpg,Corporate,http://example.com/employee/profile,CEO office,"Ceo,tag1, tag2",false,Junior sales manager,O-7287,O-6892,
Dodsworth Anne,https://raw.githubusercontent.com/bumbeishvili/Assets/master/Projects/D3/Organization%20Chart/general.jpg,Corporate,http://example.com/employee/profile,CEO office,"Ceo,tag1, tag2",false,Junior sales manager,O-7288,O-6892,
Shelley Burke,https://raw.githubusercontent.com/bumbeishvili/Assets/master/Projects/D3/Organization%20Chart/general.jpg,Corporate,http://example.com/employee/profile,CEO office,"Ceo,tag1, tag2",false,Intern,O-7289,O-6894,
Valle Saavedra,https://raw.githubusercontent.com/bumbeishvili/Assets/master/Projects/D3/Organization%20Chart/general.jpg,Corporate,http://example.com/employee/profile,CEO office,"Ceo,tag1, tag2",false,Junior Inovator,O-7290,O-6895,
Regina Murphy,https://raw.githubusercontent.com/bumbeishvili/Assets/master/Projects/D3/Organization%20Chart/general.jpg,Corporate,http://example.com/employee/profile,CEO office,"Ceo,tag1, tag2",false,Developer,O-7291,O-6895,
Mayumi Ohno,https://raw.githubusercontent.com/bumbeishvili/Assets/master/Projects/D3/Organization%20Chart/general.jpg,Corporate,http://example.com/employee/profile,CEO office,"Ceo,tag1, tag2",false,Senior developer,O-7292,O-6895,
SizePalette,https://raw.githubusercontent.com/bumbeishvili/Assets/master/Projects/D3/Organization%20Chart/general.jpg,Corporate,http://example.com/employee/profile,CEO office,"Ceo,tag1, tag2",false,System analyst,O-7293,O-6895,
 Lars Peterson,https://raw.githubusercontent.com/bumbeishvili/Assets/master/Projects/D3/Organization%20Chart/general.jpg,Corporate,http://example.com/employee/profile,CEO office,"Ceo,tag1, tag2",false,Anakyst Developer,O-7294,O-6896,
 Petra Winkler,https://raw.githubusercontent.com/bumbeishvili/Assets/master/Projects/D3/Organization%20Chart/general.jpg,Corporate,http://example.com/employee/profile,CEO office,"Ceo,tag1, tag2",false,Android Developer,O-7295,O-6897,
Martin Bein,https://raw.githubusercontent.com/bumbeishvili/Assets/master/Projects/D3/Organization%20Chart/general.jpg,Corporate,http://example.com/employee/profile,CEO office,"Ceo,tag1, tag2",false,Ios Developer,O-7296,O-6897,2023
Current User,https://raw.githubusercontent.com/bumbeishvili/Assets/master/Projects/D3/Organization%20Chart/bean.png,Corporate,http://example.com/employee/profile,CEO office,"Ceo,tag1, tag2",false,Web Developer,O-7297,O-6898,
Beate Vileid,https://raw.githubusercontent.com/bumbeishvili/Assets/master/Projects/D3/Organization%20Chart/general.jpg,Corporate,http://example.com/employee/profile,CEO office,"Ceo,tag1, tag2",false,Junior Developer,O-7298,O-6898,
 Lars Peterson,https://raw.githubusercontent.com/bumbeishvili/Assets/master/Projects/D3/Organization%20Chart/general.jpg,Corporate,http://example.com/employee/profile,CEO office,"Ceo,tag1, tag2",false,Anakyst Developer,O-7299,O-6906,
 Petra Winkler,https://raw.githubusercontent.com/bumbeishvili/Assets/master/Projects/D3/Organization%20Chart/general.jpg,Corporate,http://example.com/employee/profile,CEO office,"Ceo,tag1, tag2",false,Android Developer,O-7300,O-6907,
Martin Bein,https://raw.githubusercontent.com/bumbeishvili/Assets/master/Projects/D3/Organization%20Chart/general.jpg,Corporate,http://example.com/employee/profile,CEO office,"Ceo,tag1, tag2",false,Ios Developer,O-7301,O-6907,2023
Current User,https://raw.githubusercontent.com/bumbeishvili/Assets/master/Projects/D3/Organization%20Chart/bean.png,Corporate,http://example.com/employee/profile,CEO office,"Ceo,tag1, tag2",false,Web Developer,O-7302,O-6908,
Beate Vileid,https://raw.githubusercontent.com/bumbeishvili/Assets/master/Projects/D3/Organization%20Chart/general.jpg,Corporate,http://example.com/employee/profile,CEO office,"Ceo,tag1, tag2",false,Junior Developer,O-7303,O-6908,
 Lars Peterson,https://raw.githubusercontent.com/bumbeishvili/Assets/master/Projects/D3/Organization%20Chart/general.jpg,Corporate,http://example.com/employee/profile,CEO office,"Ceo,tag1, tag2",false,Anakyst Developer,O-7304,O-6916,
 Petra Winkler,https://raw.githubusercontent.com/bumbeishvili/Assets/master/Projects/D3/Organization%20Chart/general.jpg,Corporate,http://example.com/employee/profile,CEO office,"Ceo,tag1, tag2",false,Android Developer,O-7305,O-6917,
Martin Bein,https://raw.githubusercontent.com/bumbeishvili/Assets/master/Projects/D3/Organization%20Chart/general.jpg,Corporate,http://example.com/employee/profile,CEO office,"Ceo,tag1, tag2",false,Ios Developer,O-7306,O-6917,2023
Current User,https://raw.githubusercontent.com/bumbeishvili/Assets/master/Projects/D3/Organization%20Chart/bean.png,Corporate,http://example.com/employee/profile,CEO office,"Ceo,tag1, tag2",false,Web Developer,O-7307,O-6918,
Beate Vileid,https://raw.githubusercontent.com/bumbeishvili/Assets/master/Projects/D3/Organization%20Chart/general.jpg,Corporate,http://example.com/employee/profile,CEO office,"Ceo,tag1, tag2",false,Junior Developer,O-7308,O-6918,
Peter Wilson,https://raw.githubusercontent.com/bumbeishvili/Assets/master/Projects/D3/Organization%20Chart/general.jpg,Corporate,http://example.com/employee/profile,CEO office,"Ceo,tag1, tag2",false,Head of channels,O-7309,O-6926,
Carlos Diaz,https://raw.githubusercontent.com/bumbeishvili/Assets/master/Projects/D3/Organization%20Chart/general.jpg,Corporate,http://example.com/employee/profile,CEO office,"Ceo,tag1, tag2",false,Senior Android Developer,O-7310,O-6926,
Sven Petersen,https://raw.githubusercontent.com/bumbeishvili/Assets/master/Projects/D3/Organization%20Chart/general.jpg,Corporate,http://example.com/employee/profile,CEO office,"Ceo,tag1, tag2",false,Senior Developer,O-7311,O-6926,
Callahan Laura,https://raw.githubusercontent.com/bumbeishvili/Assets/master/Projects/D3/Organization%20Chart/general.jpg,Corporate,http://example.com/employee/profile,CEO office,"Ceo,tag1, tag2",false,Junior sales manager,O-7312,O-6931,
Dodsworth Anne,https://raw.githubusercontent.com/bumbeishvili/Assets/master/Projects/D3/Organization%20Chart/general.jpg,Corporate,http://example.com/employee/profile,CEO office,"Ceo,tag1, tag2",false,Junior sales manager,O-7313,O-6931,
Shelley Burke,https://raw.githubusercontent.com/bumbeishvili/Assets/master/Projects/D3/Organization%20Chart/general.jpg,Corporate,http://example.com/employee/profile,CEO office,"Ceo,tag1, tag2",false,Intern,O-7314,O-6933,
Valle Saavedra,https://raw.githubusercontent.com/bumbeishvili/Assets/master/Projects/D3/Organization%20Chart/general.jpg,Corporate,http://example.com/employee/profile,CEO office,"Ceo,tag1, tag2",false,Junior Inovator,O-7315,O-6934,
Regina Murphy,https://raw.githubusercontent.com/bumbeishvili/Assets/master/Projects/D3/Organization%20Chart/general.jpg,Corporate,http://example.com/employee/profile,CEO office,"Ceo,tag1, tag2",false,Developer,O-7316,O-6934,
Mayumi Ohno,https://raw.githubusercontent.com/bumbeishvili/Assets/master/Projects/D3/Organization%20Chart/general.jpg,Corporate,http://example.com/employee/profile,CEO office,"Ceo,tag1, tag2",false,Senior developer,O-7317,O-6934,
SizePalette,https://raw.githubusercontent.com/bumbeishvili/Assets/master/Projects/D3/Organization%20Chart/general.jpg,Corporate,http://example.com/employee/profile,CEO office,"Ceo,tag1, tag2",false,System analyst,O-7318,O-6934,
Peter Wilson,https://raw.githubusercontent.com/bumbeishvili/Assets/master/Projects/D3/Organization%20Chart/general.jpg,Corporate,http://example.com/employee/profile,CEO office,"Ceo,tag1, tag2",false,Head of channels,O-7319,O-6935,
Carlos Diaz,https://raw.githubusercontent.com/bumbeishvili/Assets/master/Projects/D3/Organization%20Chart/general.jpg,Corporate,http://example.com/employee/profile,CEO office,"Ceo,tag1, tag2",false,Senior Android Developer,O-7320,O-6935,
Sven Petersen,https://raw.githubusercontent.com/bumbeishvili/Assets/master/Projects/D3/Organization%20Chart/general.jpg,Corporate,http://example.com/employee/profile,CEO office,"Ceo,tag1, tag2",false,Senior Developer,O-7321,O-6935,
Callahan Laura,https://raw.githubusercontent.com/bumbeishvili/Assets/master/Projects/D3/Organization%20Chart/general.jpg,Corporate,http://example.com/employee/profile,CEO office,"Ceo,tag1, tag2",false,Junior sales manager,O-7322,O-6940,
Dodsworth Anne,https://raw.githubusercontent.com/bumbeishvili/Assets/master/Projects/D3/Organization%20Chart/general.jpg,Corporate,http://example.com/employee/profile,CEO office,"Ceo,tag1, tag2",false,Junior sales manager,O-7323,O-6940,
Shelley Burke,https://raw.githubusercontent.com/bumbeishvili/Assets/master/Projects/D3/Organization%20Chart/general.jpg,Corporate,http://example.com/employee/profile,CEO office,"Ceo,tag1, tag2",false,Intern,O-7324,O-6942,
Valle Saavedra,https://raw.githubusercontent.com/bumbeishvili/Assets/master/Projects/D3/Organization%20Chart/general.jpg,Corporate,http://example.com/employee/profile,CEO office,"Ceo,tag1, tag2",false,Junior Inovator,O-7325,O-6943,
Regina Murphy,https://raw.githubusercontent.com/bumbeishvili/Assets/master/Projects/D3/Organization%20Chart/general.jpg,Corporate,http://example.com/employee/profile,CEO office,"Ceo,tag1, tag2",false,Developer,O-7326,O-6943,
Mayumi Ohno,https://raw.githubusercontent.com/bumbeishvili/Assets/master/Projects/D3/Organization%20Chart/general.jpg,Corporate,http://example.com/employee/profile,CEO office,"Ceo,tag1, tag2",false,Senior developer,O-7327,O-6943,
SizePalette,https://raw.githubusercontent.com/bumbeishvili/Assets/master/Projects/D3/Organization%20Chart/general.jpg,Corporate,http://example.com/employee/profile,CEO office,"Ceo,tag1, tag2",false,System analyst,O-7328,O-6943,
 Lars Peterson,https://raw.githubusercontent.com/bumbeishvili/Assets/master/Projects/D3/Organization%20Chart/general.jpg,Corporate,http://example.com/employee/profile,CEO office,"Ceo,tag1, tag2",false,Anakyst Developer,O-7329,O-6959,
 Petra Winkler,https://raw.githubusercontent.com/bumbeishvili/Assets/master/Projects/D3/Organization%20Chart/general.jpg,Corporate,http://example.com/employee/profile,CEO office,"Ceo,tag1, tag2",false,Android Developer,O-7330,O-6960,
Martin Bein,https://raw.githubusercontent.com/bumbeishvili/Assets/master/Projects/D3/Organization%20Chart/general.jpg,Corporate,http://example.com/employee/profile,CEO office,"Ceo,tag1, tag2",false,Ios Developer,O-7331,O-6960,2023
Current User,https://raw.githubusercontent.com/bumbeishvili/Assets/master/Projects/D3/Organization%20Chart/bean.png,Corporate,http://example.com/employee/profile,CEO office,"Ceo,tag1, tag2",false,Web Developer,O-7332,O-6961,
Beate Vileid,https://raw.githubusercontent.com/bumbeishvili/Assets/master/Projects/D3/Organization%20Chart/general.jpg,Corporate,http://example.com/employee/profile,CEO office,"Ceo,tag1, tag2",false,Junior Developer,O-7333,O-6961,
 Lars Peterson,https://raw.githubusercontent.com/bumbeishvili/Assets/master/Projects/D3/Organization%20Chart/general.jpg,Corporate,http://example.com/employee/profile,CEO office,"Ceo,tag1, tag2",false,Anakyst Developer,O-7334,O-6969,
 Petra Winkler,https://raw.githubusercontent.com/bumbeishvili/Assets/master/Projects/D3/Organization%20Chart/general.jpg,Corporate,http://example.com/employee/profile,CEO office,"Ceo,tag1, tag2",false,Android Developer,O-7335,O-6970,
Martin Bein,https://raw.githubusercontent.com/bumbeishvili/Assets/master/Projects/D3/Organization%20Chart/general.jpg,Corporate,http://example.com/employee/profile,CEO office,"Ceo,tag1, tag2",false,Ios Developer,O-7336,O-6970,2023
Current User,https://raw.githubusercontent.com/bumbeishvili/Assets/master/Projects/D3/Organization%20Chart/bean.png,Corporate,http://example.com/employee/profile,CEO office,"Ceo,tag1, tag2",false,Web Developer,O-7337,O-6971,
Beate Vileid,https://raw.githubusercontent.com/bumbeishvili/Assets/master/Projects/D3/Organization%20Chart/general.jpg,Corporate,http://example.com/employee/profile,CEO office,"Ceo,tag1, tag2",false,Junior Developer,O-7338,O-6971,
Peter Wilson,https://raw.githubusercontent.com/bumbeishvili/Assets/master/Projects/D3/Organization%20Chart/general.jpg,Corporate,http://example.com/employee/profile,CEO office,"Ceo,tag1, tag2",false,Head of channels,O-7339,O-6994,
Carlos Diaz,https://raw.githubusercontent.com/bumbeishvili/Assets/master/Projects/D3/Organization%20Chart/general.jpg,Corporate,http://example.com/employee/profile,CEO office,"Ceo,tag1, tag2",false,Senior Android Developer,O-7340,O-6994,
Sven Petersen,https://raw.githubusercontent.com/bumbeishvili/Assets/master/Projects/D3/Organization%20Chart/general.jpg,Corporate,http://example.com/employee/profile,CEO office,"Ceo,tag1, tag2",false,Senior Developer,O-7341,O-6994,
Callahan Laura,https://raw.githubusercontent.com/bumbeishvili/Assets/master/Projects/D3/Organization%20Chart/general.jpg,Corporate,http://example.com/employee/profile,CEO office,"Ceo,tag1, tag2",false,Junior sales manager,O-7342,O-6999,
Dodsworth Anne,https://raw.githubusercontent.com/bumbeishvili/Assets/master/Projects/D3/Organization%20Chart/general.jpg,Corporate,http://example.com/employee/profile,CEO office,"Ceo,tag1, tag2",false,Junior sales manager,O-7343,O-6999,
Shelley Burke,https://raw.githubusercontent.com/bumbeishvili/Assets/master/Projects/D3/Organization%20Chart/general.jpg,Corporate,http://example.com/employee/profile,CEO office,"Ceo,tag1, tag2",false,Intern,O-7344,O-7001,
Valle Saavedra,https://raw.githubusercontent.com/bumbeishvili/Assets/master/Projects/D3/Organization%20Chart/general.jpg,Corporate,http://example.com/employee/profile,CEO office,"Ceo,tag1, tag2",false,Junior Inovator,O-7345,O-7002,
Regina Murphy,https://raw.githubusercontent.com/bumbeishvili/Assets/master/Projects/D3/Organization%20Chart/general.jpg,Corporate,http://example.com/employee/profile,CEO office,"Ceo,tag1, tag2",false,Developer,O-7346,O-7002,
Mayumi Ohno,https://raw.githubusercontent.com/bumbeishvili/Assets/master/Projects/D3/Organization%20Chart/general.jpg,Corporate,http://example.com/employee/profile,CEO office,"Ceo,tag1, tag2",false,Senior developer,O-7347,O-7002,
SizePalette,https://raw.githubusercontent.com/bumbeishvili/Assets/master/Projects/D3/Organization%20Chart/general.jpg,Corporate,http://example.com/employee/profile,CEO office,"Ceo,tag1, tag2",false,System analyst,O-7348,O-7002,
Peter Wilson,https://raw.githubusercontent.com/bumbeishvili/Assets/master/Projects/D3/Organization%20Chart/general.jpg,Corporate,http://example.com/employee/profile,CEO office,"Ceo,tag1, tag2",false,Head of channels,O-7349,O-7003,
Carlos Diaz,https://raw.githubusercontent.com/bumbeishvili/Assets/master/Projects/D3/Organization%20Chart/general.jpg,Corporate,http://example.com/employee/profile,CEO office,"Ceo,tag1, tag2",false,Senior Android Developer,O-7350,O-7003,
Sven Petersen,https://raw.githubusercontent.com/bumbeishvili/Assets/master/Projects/D3/Organization%20Chart/general.jpg,Corporate,http://example.com/employee/profile,CEO office,"Ceo,tag1, tag2",false,Senior Developer,O-7351,O-7003,
Callahan Laura,https://raw.githubusercontent.com/bumbeishvili/Assets/master/Projects/D3/Organization%20Chart/general.jpg,Corporate,http://example.com/employee/profile,CEO office,"Ceo,tag1, tag2",false,Junior sales manager,O-7352,O-7008,
Dodsworth Anne,https://raw.githubusercontent.com/bumbeishvili/Assets/master/Projects/D3/Organization%20Chart/general.jpg,Corporate,http://example.com/employee/profile,CEO office,"Ceo,tag1, tag2",false,Junior sales manager,O-7353,O-7008,
Shelley Burke,https://raw.githubusercontent.com/bumbeishvili/Assets/master/Projects/D3/Organization%20Chart/general.jpg,Corporate,http://example.com/employee/profile,CEO office,"Ceo,tag1, tag2",false,Intern,O-7354,O-7010,
Valle Saavedra,https://raw.githubusercontent.com/bumbeishvili/Assets/master/Projects/D3/Organization%20Chart/general.jpg,Corporate,http://example.com/employee/profile,CEO office,"Ceo,tag1, tag2",false,Junior Inovator,O-7355,O-7011,
Regina Murphy,https://raw.githubusercontent.com/bumbeishvili/Assets/master/Projects/D3/Organization%20Chart/general.jpg,Corporate,http://example.com/employee/profile,CEO office,"Ceo,tag1, tag2",false,Developer,O-7356,O-7011,
Mayumi Ohno,https://raw.githubusercontent.com/bumbeishvili/Assets/master/Projects/D3/Organization%20Chart/general.jpg,Corporate,http://example.com/employee/profile,CEO office,"Ceo,tag1, tag2",false,Senior developer,O-7357,O-7011,
SizePalette,https://raw.githubusercontent.com/bumbeishvili/Assets/master/Projects/D3/Organization%20Chart/general.jpg,Corporate,http://example.com/employee/profile,CEO office,"Ceo,tag1, tag2",false,System analyst,O-7358,O-7011,
Peter Wilson,https://raw.githubusercontent.com/bumbeishvili/Assets/master/Projects/D3/Organization%20Chart/general.jpg,Corporate,http://example.com/employee/profile,CEO office,"Ceo,tag1, tag2",false,Head of channels,O-7359,O-7012,
Carlos Diaz,https://raw.githubusercontent.com/bumbeishvili/Assets/master/Projects/D3/Organization%20Chart/general.jpg,Corporate,http://example.com/employee/profile,CEO office,"Ceo,tag1, tag2",false,Senior Android Developer,O-7360,O-7012,
Sven Petersen,https://raw.githubusercontent.com/bumbeishvili/Assets/master/Projects/D3/Organization%20Chart/general.jpg,Corporate,http://example.com/employee/profile,CEO office,"Ceo,tag1, tag2",false,Senior Developer,O-7361,O-7012,
Callahan Laura,https://raw.githubusercontent.com/bumbeishvili/Assets/master/Projects/D3/Organization%20Chart/general.jpg,Corporate,http://example.com/employee/profile,CEO office,"Ceo,tag1, tag2",false,Junior sales manager,O-7362,O-7017,
Dodsworth Anne,https://raw.githubusercontent.com/bumbeishvili/Assets/master/Projects/D3/Organization%20Chart/general.jpg,Corporate,http://example.com/employee/profile,CEO office,"Ceo,tag1, tag2",false,Junior sales manager,O-7363,O-7017,
Shelley Burke,https://raw.githubusercontent.com/bumbeishvili/Assets/master/Projects/D3/Organization%20Chart/general.jpg,Corporate,http://example.com/employee/profile,CEO office,"Ceo,tag1, tag2",false,Intern,O-7364,O-7019,
Valle Saavedra,https://raw.githubusercontent.com/bumbeishvili/Assets/master/Projects/D3/Organization%20Chart/general.jpg,Corporate,http://example.com/employee/profile,CEO office,"Ceo,tag1, tag2",false,Junior Inovator,O-7365,O-7020,
Regina Murphy,https://raw.githubusercontent.com/bumbeishvili/Assets/master/Projects/D3/Organization%20Chart/general.jpg,Corporate,http://example.com/employee/profile,CEO office,"Ceo,tag1, tag2",false,Developer,O-7366,O-7020,
Mayumi Ohno,https://raw.githubusercontent.com/bumbeishvili/Assets/master/Projects/D3/Organization%20Chart/general.jpg,Corporate,http://example.com/employee/profile,CEO office,"Ceo,tag1, tag2",false,Senior developer,O-7367,O-7020,
SizePalette,https://raw.githubusercontent.com/bumbeishvili/Assets/master/Projects/D3/Organization%20Chart/general.jpg,Corporate,http://example.com/employee/profile,CEO office,"Ceo,tag1, tag2",false,System analyst,O-7368,O-7020,
 Leverling Janet,https://raw.githubusercontent.com/bumbeishvili/Assets/master/Projects/D3/Organization%20Chart/female.jpg,Corporate,http://example.com/employee/profile,CEO office,"Ceo,tag1, tag2",false,CTO ,O-7369,O-7021,
Fuller Andrew,https://raw.githubusercontent.com/bumbeishvili/Assets/master/Projects/D3/Organization%20Chart/general.jpg,Corporate,http://example.com/employee/profile,CEO office,"Ceo,tag1, tag2",false,Linear Manager,O-7370,O-7021,
Peacock Margaret,https://raw.githubusercontent.com/bumbeishvili/Assets/master/Projects/D3/Organization%20Chart/general.jpg,Corporate,http://example.com/employee/profile,CEO office,"Ceo,tag1, tag2",false,CEO,O-7371,O-7021,
Buchanan Steven,https://raw.githubusercontent.com/bumbeishvili/Assets/master/Projects/D3/Organization%20Chart/general.jpg,Corporate,http://example.com/employee/profile,CEO office,"Ceo,tag1, tag2",false,Head of direction,O-7372,O-7021,
Suyama Michael,https://raw.githubusercontent.com/bumbeishvili/Assets/master/Projects/D3/Organization%20Chart/general.jpg,Corporate,http://example.com/employee/profile,CEO office,"Ceo,tag1, tag2",false,Senior sales manager,O-7373,O-7021,
King Robert,https://raw.githubusercontent.com/bumbeishvili/Assets/master/Projects/D3/Organization%20Chart/general.jpg,Corporate,http://example.com/employee/profile,CEO office,"Ceo,tag1, tag2",false,Senior Sales Manager,O-7374,O-7021,
West Adam,https://raw.githubusercontent.com/bumbeishvili/Assets/master/Projects/D3/Organization%20Chart/general.jpg,Corporate,http://example.com/employee/profile,CEO office,"Ceo,tag1, tag2",false,CTO,O-7375,O-7021,
Charlotte Cooper,https://raw.githubusercontent.com/bumbeishvili/Assets/master/Projects/D3/Organization%20Chart/general.jpg,Corporate,http://example.com/employee/profile,CEO office,"Ceo,tag1, tag2",false,Senior Trader,O-7376,O-7021,
Yoshi Nagase,https://raw.githubusercontent.com/bumbeishvili/Assets/master/Projects/D3/Organization%20Chart/general.jpg,Corporate,http://example.com/employee/profile,CEO office,"Ceo,tag1, tag2",false,Head of laboratory,O-7377,O-7021,
 Leverling Janet,https://raw.githubusercontent.com/bumbeishvili/Assets/master/Projects/D3/Organization%20Chart/female.jpg,Corporate,http://example.com/employee/profile,CEO office,"Ceo,tag1, tag2",false,CTO ,O-7378,O-7023,
Fuller Andrew,https://raw.githubusercontent.com/bumbeishvili/Assets/master/Projects/D3/Organization%20Chart/general.jpg,Corporate,http://example.com/employee/profile,CEO office,"Ceo,tag1, tag2",false,Linear Manager,O-7379,O-7023,
Peacock Margaret,https://raw.githubusercontent.com/bumbeishvili/Assets/master/Projects/D3/Organization%20Chart/general.jpg,Corporate,http://example.com/employee/profile,CEO office,"Ceo,tag1, tag2",false,CEO,O-7380,O-7023,
Buchanan Steven,https://raw.githubusercontent.com/bumbeishvili/Assets/master/Projects/D3/Organization%20Chart/general.jpg,Corporate,http://example.com/employee/profile,CEO office,"Ceo,tag1, tag2",false,Head of direction,O-7381,O-7023,
Suyama Michael,https://raw.githubusercontent.com/bumbeishvili/Assets/master/Projects/D3/Organization%20Chart/general.jpg,Corporate,http://example.com/employee/profile,CEO office,"Ceo,tag1, tag2",false,Senior sales manager,O-7382,O-7023,
King Robert,https://raw.githubusercontent.com/bumbeishvili/Assets/master/Projects/D3/Organization%20Chart/general.jpg,Corporate,http://example.com/employee/profile,CEO office,"Ceo,tag1, tag2",false,Senior Sales Manager,O-7383,O-7023,
West Adam,https://raw.githubusercontent.com/bumbeishvili/Assets/master/Projects/D3/Organization%20Chart/general.jpg,Corporate,http://example.com/employee/profile,CEO office,"Ceo,tag1, tag2",false,CTO,O-7384,O-7023,
Charlotte Cooper,https://raw.githubusercontent.com/bumbeishvili/Assets/master/Projects/D3/Organization%20Chart/general.jpg,Corporate,http://example.com/employee/profile,CEO office,"Ceo,tag1, tag2",false,Senior Trader,O-7385,O-7023,
Yoshi Nagase,https://raw.githubusercontent.com/bumbeishvili/Assets/master/Projects/D3/Organization%20Chart/general.jpg,Corporate,http://example.com/employee/profile,CEO office,"Ceo,tag1, tag2",false,Head of laboratory,O-7386,O-7023,
 Lars Peterson,https://raw.githubusercontent.com/bumbeishvili/Assets/master/Projects/D3/Organization%20Chart/general.jpg,Corporate,http://example.com/employee/profile,CEO office,"Ceo,tag1, tag2",false,Anakyst Developer,O-7387,O-7038,
 Petra Winkler,https://raw.githubusercontent.com/bumbeishvili/Assets/master/Projects/D3/Organization%20Chart/general.jpg,Corporate,http://example.com/employee/profile,CEO office,"Ceo,tag1, tag2",false,Android Developer,O-7388,O-7039,
Martin Bein,https://raw.githubusercontent.com/bumbeishvili/Assets/master/Projects/D3/Organization%20Chart/general.jpg,Corporate,http://example.com/employee/profile,CEO office,"Ceo,tag1, tag2",false,Ios Developer,O-7389,O-7039,2023
Current User,https://raw.githubusercontent.com/bumbeishvili/Assets/master/Projects/D3/Organization%20Chart/bean.png,Corporate,http://example.com/employee/profile,CEO office,"Ceo,tag1, tag2",false,Web Developer,O-7390,O-7040,
Beate Vileid,https://raw.githubusercontent.com/bumbeishvili/Assets/master/Projects/D3/Organization%20Chart/general.jpg,Corporate,http://example.com/employee/profile,CEO office,"Ceo,tag1, tag2",false,Junior Developer,O-7391,O-7040,
 Lars Peterson,https://raw.githubusercontent.com/bumbeishvili/Assets/master/Projects/D3/Organization%20Chart/general.jpg,Corporate,http://example.com/employee/profile,CEO office,"Ceo,tag1, tag2",false,Anakyst Developer,O-7392,O-7048,
 Petra Winkler,https://raw.githubusercontent.com/bumbeishvili/Assets/master/Projects/D3/Organization%20Chart/general.jpg,Corporate,http://example.com/employee/profile,CEO office,"Ceo,tag1, tag2",false,Android Developer,O-7393,O-7049,
Martin Bein,https://raw.githubusercontent.com/bumbeishvili/Assets/master/Projects/D3/Organization%20Chart/general.jpg,Corporate,http://example.com/employee/profile,CEO office,"Ceo,tag1, tag2",false,Ios Developer,O-7394,O-7049,2023
Current User,https://raw.githubusercontent.com/bumbeishvili/Assets/master/Projects/D3/Organization%20Chart/bean.png,Corporate,http://example.com/employee/profile,CEO office,"Ceo,tag1, tag2",false,Web Developer,O-7395,O-7050,
Beate Vileid,https://raw.githubusercontent.com/bumbeishvili/Assets/master/Projects/D3/Organization%20Chart/general.jpg,Corporate,http://example.com/employee/profile,CEO office,"Ceo,tag1, tag2",false,Junior Developer,O-7396,O-7050,
 Lars Peterson,https://raw.githubusercontent.com/bumbeishvili/Assets/master/Projects/D3/Organization%20Chart/general.jpg,Corporate,http://example.com/employee/profile,CEO office,"Ceo,tag1, tag2",false,Anakyst Developer,O-7397,O-7073,
 Petra Winkler,https://raw.githubusercontent.com/bumbeishvili/Assets/master/Projects/D3/Organization%20Chart/general.jpg,Corporate,http://example.com/employee/profile,CEO office,"Ceo,tag1, tag2",false,Android Developer,O-7398,O-7074,
Martin Bein,https://raw.githubusercontent.com/bumbeishvili/Assets/master/Projects/D3/Organization%20Chart/general.jpg,Corporate,http://example.com/employee/profile,CEO office,"Ceo,tag1, tag2",false,Ios Developer,O-7399,O-7074,2023
Current User,https://raw.githubusercontent.com/bumbeishvili/Assets/master/Projects/D3/Organization%20Chart/bean.png,Corporate,http://example.com/employee/profile,CEO office,"Ceo,tag1, tag2",false,Web Developer,O-7400,O-7075,
Beate Vileid,https://raw.githubusercontent.com/bumbeishvili/Assets/master/Projects/D3/Organization%20Chart/general.jpg,Corporate,http://example.com/employee/profile,CEO office,"Ceo,tag1, tag2",false,Junior Developer,O-7401,O-7075,
 Lars Peterson,https://raw.githubusercontent.com/bumbeishvili/Assets/master/Projects/D3/Organization%20Chart/general.jpg,Corporate,http://example.com/employee/profile,CEO office,"Ceo,tag1, tag2",false,Anakyst Developer,O-7402,O-7083,
 Petra Winkler,https://raw.githubusercontent.com/bumbeishvili/Assets/master/Projects/D3/Organization%20Chart/general.jpg,Corporate,http://example.com/employee/profile,CEO office,"Ceo,tag1, tag2",false,Android Developer,O-7403,O-7084,
Martin Bein,https://raw.githubusercontent.com/bumbeishvili/Assets/master/Projects/D3/Organization%20Chart/general.jpg,Corporate,http://example.com/employee/profile,CEO office,"Ceo,tag1, tag2",false,Ios Developer,O-7404,O-7084,2023
Current User,https://raw.githubusercontent.com/bumbeishvili/Assets/master/Projects/D3/Organization%20Chart/bean.png,Corporate,http://example.com/employee/profile,CEO office,"Ceo,tag1, tag2",false,Web Developer,O-7405,O-7085,
Beate Vileid,https://raw.githubusercontent.com/bumbeishvili/Assets/master/Projects/D3/Organization%20Chart/general.jpg,Corporate,http://example.com/employee/profile,CEO office,"Ceo,tag1, tag2",false,Junior Developer,O-7406,O-7085,
 Lars Peterson,https://raw.githubusercontent.com/bumbeishvili/Assets/master/Projects/D3/Organization%20Chart/general.jpg,Corporate,http://example.com/employee/profile,CEO office,"Ceo,tag1, tag2",false,Anakyst Developer,O-7407,O-7108,
 Petra Winkler,https://raw.githubusercontent.com/bumbeishvili/Assets/master/Projects/D3/Organization%20Chart/general.jpg,Corporate,http://example.com/employee/profile,CEO office,"Ceo,tag1, tag2",false,Android Developer,O-7408,O-7109,
Martin Bein,https://raw.githubusercontent.com/bumbeishvili/Assets/master/Projects/D3/Organization%20Chart/general.jpg,Corporate,http://example.com/employee/profile,CEO office,"Ceo,tag1, tag2",false,Ios Developer,O-7409,O-7109,2023
Current User,https://raw.githubusercontent.com/bumbeishvili/Assets/master/Projects/D3/Organization%20Chart/bean.png,Corporate,http://example.com/employee/profile,CEO office,"Ceo,tag1, tag2",false,Web Developer,O-7410,O-7110,
Beate Vileid,https://raw.githubusercontent.com/bumbeishvili/Assets/master/Projects/D3/Organization%20Chart/general.jpg,Corporate,http://example.com/employee/profile,CEO office,"Ceo,tag1, tag2",false,Junior Developer,O-7411,O-7110,
 Lars Peterson,https://raw.githubusercontent.com/bumbeishvili/Assets/master/Projects/D3/Organization%20Chart/general.jpg,Corporate,http://example.com/employee/profile,CEO office,"Ceo,tag1, tag2",false,Anakyst Developer,O-7412,O-7118,
 Petra Winkler,https://raw.githubusercontent.com/bumbeishvili/Assets/master/Projects/D3/Organization%20Chart/general.jpg,Corporate,http://example.com/employee/profile,CEO office,"Ceo,tag1, tag2",false,Android Developer,O-7413,O-7119,
Martin Bein,https://raw.githubusercontent.com/bumbeishvili/Assets/master/Projects/D3/Organization%20Chart/general.jpg,Corporate,http://example.com/employee/profile,CEO office,"Ceo,tag1, tag2",false,Ios Developer,O-7414,O-7119,2023
Current User,https://raw.githubusercontent.com/bumbeishvili/Assets/master/Projects/D3/Organization%20Chart/bean.png,Corporate,http://example.com/employee/profile,CEO office,"Ceo,tag1, tag2",false,Web Developer,O-7415,O-7120,
Beate Vileid,https://raw.githubusercontent.com/bumbeishvili/Assets/master/Projects/D3/Organization%20Chart/general.jpg,Corporate,http://example.com/employee/profile,CEO office,"Ceo,tag1, tag2",false,Junior Developer,O-7416,O-7120,
 Lars Peterson,https://raw.githubusercontent.com/bumbeishvili/Assets/master/Projects/D3/Organization%20Chart/general.jpg,Corporate,http://example.com/employee/profile,CEO office,"Ceo,tag1, tag2",false,Anakyst Developer,O-7417,O-7128,
 Petra Winkler,https://raw.githubusercontent.com/bumbeishvili/Assets/master/Projects/D3/Organization%20Chart/general.jpg,Corporate,http://example.com/employee/profile,CEO office,"Ceo,tag1, tag2",false,Android Developer,O-7418,O-7129,
Martin Bein,https://raw.githubusercontent.com/bumbeishvili/Assets/master/Projects/D3/Organization%20Chart/general.jpg,Corporate,http://example.com/employee/profile,CEO office,"Ceo,tag1, tag2",false,Ios Developer,O-7419,O-7129,2023
Current User,https://raw.githubusercontent.com/bumbeishvili/Assets/master/Projects/D3/Organization%20Chart/bean.png,Corporate,http://example.com/employee/profile,CEO office,"Ceo,tag1, tag2",false,Web Developer,O-7420,O-7130,
Beate Vileid,https://raw.githubusercontent.com/bumbeishvili/Assets/master/Projects/D3/Organization%20Chart/general.jpg,Corporate,http://example.com/employee/profile,CEO office,"Ceo,tag1, tag2",false,Junior Developer,O-7421,O-7130,
 Lars Peterson,https://raw.githubusercontent.com/bumbeishvili/Assets/master/Projects/D3/Organization%20Chart/general.jpg,Corporate,http://example.com/employee/profile,CEO office,"Ceo,tag1, tag2",false,Anakyst Developer,O-7422,O-7138,
 Petra Winkler,https://raw.githubusercontent.com/bumbeishvili/Assets/master/Projects/D3/Organization%20Chart/general.jpg,Corporate,http://example.com/employee/profile,CEO office,"Ceo,tag1, tag2",false,Android Developer,O-7423,O-7139,
Martin Bein,https://raw.githubusercontent.com/bumbeishvili/Assets/master/Projects/D3/Organization%20Chart/general.jpg,Corporate,http://example.com/employee/profile,CEO office,"Ceo,tag1, tag2",false,Ios Developer,O-7424,O-7139,2023
Current User,https://raw.githubusercontent.com/bumbeishvili/Assets/master/Projects/D3/Organization%20Chart/bean.png,Corporate,http://example.com/employee/profile,CEO office,"Ceo,tag1, tag2",false,Web Developer,O-7425,O-7140,
Beate Vileid,https://raw.githubusercontent.com/bumbeishvili/Assets/master/Projects/D3/Organization%20Chart/general.jpg,Corporate,http://example.com/employee/profile,CEO office,"Ceo,tag1, tag2",false,Junior Developer,O-7426,O-7140,
 Lars Peterson,https://raw.githubusercontent.com/bumbeishvili/Assets/master/Projects/D3/Organization%20Chart/general.jpg,Corporate,http://example.com/employee/profile,CEO office,"Ceo,tag1, tag2",false,Anakyst Developer,O-7427,O-7148,
 Petra Winkler,https://raw.githubusercontent.com/bumbeishvili/Assets/master/Projects/D3/Organization%20Chart/general.jpg,Corporate,http://example.com/employee/profile,CEO office,"Ceo,tag1, tag2",false,Android Developer,O-7428,O-7149,
Martin Bein,https://raw.githubusercontent.com/bumbeishvili/Assets/master/Projects/D3/Organization%20Chart/general.jpg,Corporate,http://example.com/employee/profile,CEO office,"Ceo,tag1, tag2",false,Ios Developer,O-7429,O-7149,2023
Current User,https://raw.githubusercontent.com/bumbeishvili/Assets/master/Projects/D3/Organization%20Chart/bean.png,Corporate,http://example.com/employee/profile,CEO office,"Ceo,tag1, tag2",false,Web Developer,O-7430,O-7150,
Beate Vileid,https://raw.githubusercontent.com/bumbeishvili/Assets/master/Projects/D3/Organization%20Chart/general.jpg,Corporate,http://example.com/employee/profile,CEO office,"Ceo,tag1, tag2",false,Junior Developer,O-7431,O-7150,
Peter Wilson,https://raw.githubusercontent.com/bumbeishvili/Assets/master/Projects/D3/Organization%20Chart/general.jpg,Corporate,http://example.com/employee/profile,CEO office,"Ceo,tag1, tag2",false,Head of channels,O-7432,O-7158,
Carlos Diaz,https://raw.githubusercontent.com/bumbeishvili/Assets/master/Projects/D3/Organization%20Chart/general.jpg,Corporate,http://example.com/employee/profile,CEO office,"Ceo,tag1, tag2",false,Senior Android Developer,O-7433,O-7158,
Sven Petersen,https://raw.githubusercontent.com/bumbeishvili/Assets/master/Projects/D3/Organization%20Chart/general.jpg,Corporate,http://example.com/employee/profile,CEO office,"Ceo,tag1, tag2",false,Senior Developer,O-7434,O-7158,
Callahan Laura,https://raw.githubusercontent.com/bumbeishvili/Assets/master/Projects/D3/Organization%20Chart/general.jpg,Corporate,http://example.com/employee/profile,CEO office,"Ceo,tag1, tag2",false,Junior sales manager,O-7435,O-7163,
Dodsworth Anne,https://raw.githubusercontent.com/bumbeishvili/Assets/master/Projects/D3/Organization%20Chart/general.jpg,Corporate,http://example.com/employee/profile,CEO office,"Ceo,tag1, tag2",false,Junior sales manager,O-7436,O-7163,
Shelley Burke,https://raw.githubusercontent.com/bumbeishvili/Assets/master/Projects/D3/Organization%20Chart/general.jpg,Corporate,http://example.com/employee/profile,CEO office,"Ceo,tag1, tag2",false,Intern,O-7437,O-7165,
Valle Saavedra,https://raw.githubusercontent.com/bumbeishvili/Assets/master/Projects/D3/Organization%20Chart/general.jpg,Corporate,http://example.com/employee/profile,CEO office,"Ceo,tag1, tag2",false,Junior Inovator,O-7438,O-7166,
Regina Murphy,https://raw.githubusercontent.com/bumbeishvili/Assets/master/Projects/D3/Organization%20Chart/general.jpg,Corporate,http://example.com/employee/profile,CEO office,"Ceo,tag1, tag2",false,Developer,O-7439,O-7166,
Mayumi Ohno,https://raw.githubusercontent.com/bumbeishvili/Assets/master/Projects/D3/Organization%20Chart/general.jpg,Corporate,http://example.com/employee/profile,CEO office,"Ceo,tag1, tag2",false,Senior developer,O-7440,O-7166,
SizePalette,https://raw.githubusercontent.com/bumbeishvili/Assets/master/Projects/D3/Organization%20Chart/general.jpg,Corporate,http://example.com/employee/profile,CEO office,"Ceo,tag1, tag2",false,System analyst,O-7441,O-7166,
Peter Wilson,https://raw.githubusercontent.com/bumbeishvili/Assets/master/Projects/D3/Organization%20Chart/general.jpg,Corporate,http://example.com/employee/profile,CEO office,"Ceo,tag1, tag2",false,Head of channels,O-7442,O-7167,
Carlos Diaz,https://raw.githubusercontent.com/bumbeishvili/Assets/master/Projects/D3/Organization%20Chart/general.jpg,Corporate,http://example.com/employee/profile,CEO office,"Ceo,tag1, tag2",false,Senior Android Developer,O-7443,O-7167,
Sven Petersen,https://raw.githubusercontent.com/bumbeishvili/Assets/master/Projects/D3/Organization%20Chart/general.jpg,Corporate,http://example.com/employee/profile,CEO office,"Ceo,tag1, tag2",false,Senior Developer,O-7444,O-7167,
Callahan Laura,https://raw.githubusercontent.com/bumbeishvili/Assets/master/Projects/D3/Organization%20Chart/general.jpg,Corporate,http://example.com/employee/profile,CEO office,"Ceo,tag1, tag2",false,Junior sales manager,O-7445,O-7172,
Dodsworth Anne,https://raw.githubusercontent.com/bumbeishvili/Assets/master/Projects/D3/Organization%20Chart/general.jpg,Corporate,http://example.com/employee/profile,CEO office,"Ceo,tag1, tag2",false,Junior sales manager,O-7446,O-7172,
Shelley Burke,https://raw.githubusercontent.com/bumbeishvili/Assets/master/Projects/D3/Organization%20Chart/general.jpg,Corporate,http://example.com/employee/profile,CEO office,"Ceo,tag1, tag2",false,Intern,O-7447,O-7174,
Valle Saavedra,https://raw.githubusercontent.com/bumbeishvili/Assets/master/Projects/D3/Organization%20Chart/general.jpg,Corporate,http://example.com/employee/profile,CEO office,"Ceo,tag1, tag2",false,Junior Inovator,O-7448,O-7175,
Regina Murphy,https://raw.githubusercontent.com/bumbeishvili/Assets/master/Projects/D3/Organization%20Chart/general.jpg,Corporate,http://example.com/employee/profile,CEO office,"Ceo,tag1, tag2",false,Developer,O-7449,O-7175,
Mayumi Ohno,https://raw.githubusercontent.com/bumbeishvili/Assets/master/Projects/D3/Organization%20Chart/general.jpg,Corporate,http://example.com/employee/profile,CEO office,"Ceo,tag1, tag2",false,Senior developer,O-7450,O-7175,
SizePalette,https://raw.githubusercontent.com/bumbeishvili/Assets/master/Projects/D3/Organization%20Chart/general.jpg,Corporate,http://example.com/employee/profile,CEO office,"Ceo,tag1, tag2",false,System analyst,O-7451,O-7175,
 Lars Peterson,https://raw.githubusercontent.com/bumbeishvili/Assets/master/Projects/D3/Organization%20Chart/general.jpg,Corporate,http://example.com/employee/profile,CEO office,"Ceo,tag1, tag2",false,Anakyst Developer,O-7452,O-7176,
 Petra Winkler,https://raw.githubusercontent.com/bumbeishvili/Assets/master/Projects/D3/Organization%20Chart/general.jpg,Corporate,http://example.com/employee/profile,CEO office,"Ceo,tag1, tag2",false,Android Developer,O-7453,O-7177,
Martin Bein,https://raw.githubusercontent.com/bumbeishvili/Assets/master/Projects/D3/Organization%20Chart/general.jpg,Corporate,http://example.com/employee/profile,CEO office,"Ceo,tag1, tag2",false,Ios Developer,O-7454,O-7177,2023
Current User,https://raw.githubusercontent.com/bumbeishvili/Assets/master/Projects/D3/Organization%20Chart/bean.png,Corporate,http://example.com/employee/profile,CEO office,"Ceo,tag1, tag2",false,Web Developer,O-7455,O-7178,
Beate Vileid,https://raw.githubusercontent.com/bumbeishvili/Assets/master/Projects/D3/Organization%20Chart/general.jpg,Corporate,http://example.com/employee/profile,CEO office,"Ceo,tag1, tag2",false,Junior Developer,O-7456,O-7178,
 Lars Peterson,https://raw.githubusercontent.com/bumbeishvili/Assets/master/Projects/D3/Organization%20Chart/general.jpg,Corporate,http://example.com/employee/profile,CEO office,"Ceo,tag1, tag2",false,Anakyst Developer,O-7457,O-7186,
 Petra Winkler,https://raw.githubusercontent.com/bumbeishvili/Assets/master/Projects/D3/Organization%20Chart/general.jpg,Corporate,http://example.com/employee/profile,CEO office,"Ceo,tag1, tag2",false,Android Developer,O-7458,O-7187,
Martin Bein,https://raw.githubusercontent.com/bumbeishvili/Assets/master/Projects/D3/Organization%20Chart/general.jpg,Corporate,http://example.com/employee/profile,CEO office,"Ceo,tag1, tag2",false,Ios Developer,O-7459,O-7187,2023
Current User,https://raw.githubusercontent.com/bumbeishvili/Assets/master/Projects/D3/Organization%20Chart/bean.png,Corporate,http://example.com/employee/profile,CEO office,"Ceo,tag1, tag2",false,Web Developer,O-7460,O-7188,
Beate Vileid,https://raw.githubusercontent.com/bumbeishvili/Assets/master/Projects/D3/Organization%20Chart/general.jpg,Corporate,http://example.com/employee/profile,CEO office,"Ceo,tag1, tag2",false,Junior Developer,O-7461,O-7188,
 Lars Peterson,https://raw.githubusercontent.com/bumbeishvili/Assets/master/Projects/D3/Organization%20Chart/general.jpg,Corporate,http://example.com/employee/profile,CEO office,"Ceo,tag1, tag2",false,Anakyst Developer,O-7462,O-7196,
 Petra Winkler,https://raw.githubusercontent.com/bumbeishvili/Assets/master/Projects/D3/Organization%20Chart/general.jpg,Corporate,http://example.com/employee/profile,CEO office,"Ceo,tag1, tag2",false,Android Developer,O-7463,O-7197,
Martin Bein,https://raw.githubusercontent.com/bumbeishvili/Assets/master/Projects/D3/Organization%20Chart/general.jpg,Corporate,http://example.com/employee/profile,CEO office,"Ceo,tag1, tag2",false,Ios Developer,O-7464,O-7197,2023
Current User,https://raw.githubusercontent.com/bumbeishvili/Assets/master/Projects/D3/Organization%20Chart/bean.png,Corporate,http://example.com/employee/profile,CEO office,"Ceo,tag1, tag2",false,Web Developer,O-7465,O-7198,
Beate Vileid,https://raw.githubusercontent.com/bumbeishvili/Assets/master/Projects/D3/Organization%20Chart/general.jpg,Corporate,http://example.com/employee/profile,CEO office,"Ceo,tag1, tag2",false,Junior Developer,O-7466,O-7198,
Peter Wilson,https://raw.githubusercontent.com/bumbeishvili/Assets/master/Projects/D3/Organization%20Chart/general.jpg,Corporate,http://example.com/employee/profile,CEO office,"Ceo,tag1, tag2",false,Head of channels,O-7467,O-7206,
Carlos Diaz,https://raw.githubusercontent.com/bumbeishvili/Assets/master/Projects/D3/Organization%20Chart/general.jpg,Corporate,http://example.com/employee/profile,CEO office,"Ceo,tag1, tag2",false,Senior Android Developer,O-7468,O-7206,
Sven Petersen,https://raw.githubusercontent.com/bumbeishvili/Assets/master/Projects/D3/Organization%20Chart/general.jpg,Corporate,http://example.com/employee/profile,CEO office,"Ceo,tag1, tag2",false,Senior Developer,O-7469,O-7206,
Callahan Laura,https://raw.githubusercontent.com/bumbeishvili/Assets/master/Projects/D3/Organization%20Chart/general.jpg,Corporate,http://example.com/employee/profile,CEO office,"Ceo,tag1, tag2",false,Junior sales manager,O-7470,O-7211,
Dodsworth Anne,https://raw.githubusercontent.com/bumbeishvili/Assets/master/Projects/D3/Organization%20Chart/general.jpg,Corporate,http://example.com/employee/profile,CEO office,"Ceo,tag1, tag2",false,Junior sales manager,O-7471,O-7211,
Shelley Burke,https://raw.githubusercontent.com/bumbeishvili/Assets/master/Projects/D3/Organization%20Chart/general.jpg,Corporate,http://example.com/employee/profile,CEO office,"Ceo,tag1, tag2",false,Intern,O-7472,O-7213,
Valle Saavedra,https://raw.githubusercontent.com/bumbeishvili/Assets/master/Projects/D3/Organization%20Chart/general.jpg,Corporate,http://example.com/employee/profile,CEO office,"Ceo,tag1, tag2",false,Junior Inovator,O-7473,O-7214,
Regina Murphy,https://raw.githubusercontent.com/bumbeishvili/Assets/master/Projects/D3/Organization%20Chart/general.jpg,Corporate,http://example.com/employee/profile,CEO office,"Ceo,tag1, tag2",false,Developer,O-7474,O-7214,
Mayumi Ohno,https://raw.githubusercontent.com/bumbeishvili/Assets/master/Projects/D3/Organization%20Chart/general.jpg,Corporate,http://example.com/employee/profile,CEO office,"Ceo,tag1, tag2",false,Senior developer,O-7475,O-7214,
SizePalette,https://raw.githubusercontent.com/bumbeishvili/Assets/master/Projects/D3/Organization%20Chart/general.jpg,Corporate,http://example.com/employee/profile,CEO office,"Ceo,tag1, tag2",false,System analyst,O-7476,O-7214,
Peter Wilson,https://raw.githubusercontent.com/bumbeishvili/Assets/master/Projects/D3/Organization%20Chart/general.jpg,Corporate,http://example.com/employee/profile,CEO office,"Ceo,tag1, tag2",false,Head of channels,O-7477,O-7215,
Carlos Diaz,https://raw.githubusercontent.com/bumbeishvili/Assets/master/Projects/D3/Organization%20Chart/general.jpg,Corporate,http://example.com/employee/profile,CEO office,"Ceo,tag1, tag2",false,Senior Android Developer,O-7478,O-7215,
Sven Petersen,https://raw.githubusercontent.com/bumbeishvili/Assets/master/Projects/D3/Organization%20Chart/general.jpg,Corporate,http://example.com/employee/profile,CEO office,"Ceo,tag1, tag2",false,Senior Developer,O-7479,O-7215,
Callahan Laura,https://raw.githubusercontent.com/bumbeishvili/Assets/master/Projects/D3/Organization%20Chart/general.jpg,Corporate,http://example.com/employee/profile,CEO office,"Ceo,tag1, tag2",false,Junior sales manager,O-7480,O-7220,
Dodsworth Anne,https://raw.githubusercontent.com/bumbeishvili/Assets/master/Projects/D3/Organization%20Chart/general.jpg,Corporate,http://example.com/employee/profile,CEO office,"Ceo,tag1, tag2",false,Junior sales manager,O-7481,O-7220,
Shelley Burke,https://raw.githubusercontent.com/bumbeishvili/Assets/master/Projects/D3/Organization%20Chart/general.jpg,Corporate,http://example.com/employee/profile,CEO office,"Ceo,tag1, tag2",false,Intern,O-7482,O-7222,
Valle Saavedra,https://raw.githubusercontent.com/bumbeishvili/Assets/master/Projects/D3/Organization%20Chart/general.jpg,Corporate,http://example.com/employee/profile,CEO office,"Ceo,tag1, tag2",false,Junior Inovator,O-7483,O-7223,
Regina Murphy,https://raw.githubusercontent.com/bumbeishvili/Assets/master/Projects/D3/Organization%20Chart/general.jpg,Corporate,http://example.com/employee/profile,CEO office,"Ceo,tag1, tag2",false,Developer,O-7484,O-7223,
Mayumi Ohno,https://raw.githubusercontent.com/bumbeishvili/Assets/master/Projects/D3/Organization%20Chart/general.jpg,Corporate,http://example.com/employee/profile,CEO office,"Ceo,tag1, tag2",false,Senior developer,O-7485,O-7223,
SizePalette,https://raw.githubusercontent.com/bumbeishvili/Assets/master/Projects/D3/Organization%20Chart/general.jpg,Corporate,http://example.com/employee/profile,CEO office,"Ceo,tag1, tag2",false,System analyst,O-7486,O-7223,
 Lars Peterson,https://raw.githubusercontent.com/bumbeishvili/Assets/master/Projects/D3/Organization%20Chart/general.jpg,Corporate,http://example.com/employee/profile,CEO office,"Ceo,tag1, tag2",false,Anakyst Developer,O-7487,O-7239,
 Petra Winkler,https://raw.githubusercontent.com/bumbeishvili/Assets/master/Projects/D3/Organization%20Chart/general.jpg,Corporate,http://example.com/employee/profile,CEO office,"Ceo,tag1, tag2",false,Android Developer,O-7488,O-7240,
Martin Bein,https://raw.githubusercontent.com/bumbeishvili/Assets/master/Projects/D3/Organization%20Chart/general.jpg,Corporate,http://example.com/employee/profile,CEO office,"Ceo,tag1, tag2",false,Ios Developer,O-7489,O-7240,2023
Current User,https://raw.githubusercontent.com/bumbeishvili/Assets/master/Projects/D3/Organization%20Chart/bean.png,Corporate,http://example.com/employee/profile,CEO office,"Ceo,tag1, tag2",false,Web Developer,O-7490,O-7241,
Beate Vileid,https://raw.githubusercontent.com/bumbeishvili/Assets/master/Projects/D3/Organization%20Chart/general.jpg,Corporate,http://example.com/employee/profile,CEO office,"Ceo,tag1, tag2",false,Junior Developer,O-7491,O-7241,
 Lars Peterson,https://raw.githubusercontent.com/bumbeishvili/Assets/master/Projects/D3/Organization%20Chart/general.jpg,Corporate,http://example.com/employee/profile,CEO office,"Ceo,tag1, tag2",false,Anakyst Developer,O-7492,O-7249,
 Petra Winkler,https://raw.githubusercontent.com/bumbeishvili/Assets/master/Projects/D3/Organization%20Chart/general.jpg,Corporate,http://example.com/employee/profile,CEO office,"Ceo,tag1, tag2",false,Android Developer,O-7493,O-7250,
Martin Bein,https://raw.githubusercontent.com/bumbeishvili/Assets/master/Projects/D3/Organization%20Chart/general.jpg,Corporate,http://example.com/employee/profile,CEO office,"Ceo,tag1, tag2",false,Ios Developer,O-7494,O-7250,2023
Current User,https://raw.githubusercontent.com/bumbeishvili/Assets/master/Projects/D3/Organization%20Chart/bean.png,Corporate,http://example.com/employee/profile,CEO office,"Ceo,tag1, tag2",false,Web Developer,O-7495,O-7251,
Beate Vileid,https://raw.githubusercontent.com/bumbeishvili/Assets/master/Projects/D3/Organization%20Chart/general.jpg,Corporate,http://example.com/employee/profile,CEO office,"Ceo,tag1, tag2",false,Junior Developer,O-7496,O-7251,
 Lars Peterson,https://raw.githubusercontent.com/bumbeishvili/Assets/master/Projects/D3/Organization%20Chart/general.jpg,Corporate,http://example.com/employee/profile,CEO office,"Ceo,tag1, tag2",false,Anakyst Developer,O-7497,O-7274,
 Petra Winkler,https://raw.githubusercontent.com/bumbeishvili/Assets/master/Projects/D3/Organization%20Chart/general.jpg,Corporate,http://example.com/employee/profile,CEO office,"Ceo,tag1, tag2",false,Android Developer,O-7498,O-7275,
Martin Bein,https://raw.githubusercontent.com/bumbeishvili/Assets/master/Projects/D3/Organization%20Chart/general.jpg,Corporate,http://example.com/employee/profile,CEO office,"Ceo,tag1, tag2",false,Ios Developer,O-7499,O-7275,2023
Current User,https://raw.githubusercontent.com/bumbeishvili/Assets/master/Projects/D3/Organization%20Chart/bean.png,Corporate,http://example.com/employee/profile,CEO office,"Ceo,tag1, tag2",false,Web Developer,O-7500,O-7276,
Beate Vileid,https://raw.githubusercontent.com/bumbeishvili/Assets/master/Projects/D3/Organization%20Chart/general.jpg,Corporate,http://example.com/employee/profile,CEO office,"Ceo,tag1, tag2",false,Junior Developer,O-7501,O-7276,
 Lars Peterson,https://raw.githubusercontent.com/bumbeishvili/Assets/master/Projects/D3/Organization%20Chart/general.jpg,Corporate,http://example.com/employee/profile,CEO office,"Ceo,tag1, tag2",false,Anakyst Developer,O-7502,O-7284,
 Petra Winkler,https://raw.githubusercontent.com/bumbeishvili/Assets/master/Projects/D3/Organization%20Chart/general.jpg,Corporate,http://example.com/employee/profile,CEO office,"Ceo,tag1, tag2",false,Android Developer,O-7503,O-7285,
Martin Bein,https://raw.githubusercontent.com/bumbeishvili/Assets/master/Projects/D3/Organization%20Chart/general.jpg,Corporate,http://example.com/employee/profile,CEO office,"Ceo,tag1, tag2",false,Ios Developer,O-7504,O-7285,2023
Current User,https://raw.githubusercontent.com/bumbeishvili/Assets/master/Projects/D3/Organization%20Chart/bean.png,Corporate,http://example.com/employee/profile,CEO office,"Ceo,tag1, tag2",false,Web Developer,O-7505,O-7286,
Beate Vileid,https://raw.githubusercontent.com/bumbeishvili/Assets/master/Projects/D3/Organization%20Chart/general.jpg,Corporate,http://example.com/employee/profile,CEO office,"Ceo,tag1, tag2",false,Junior Developer,O-7506,O-7286,
 Lars Peterson,https://raw.githubusercontent.com/bumbeishvili/Assets/master/Projects/D3/Organization%20Chart/general.jpg,Corporate,http://example.com/employee/profile,CEO office,"Ceo,tag1, tag2",false,Anakyst Developer,O-7507,O-7309,
 Petra Winkler,https://raw.githubusercontent.com/bumbeishvili/Assets/master/Projects/D3/Organization%20Chart/general.jpg,Corporate,http://example.com/employee/profile,CEO office,"Ceo,tag1, tag2",false,Android Developer,O-7508,O-7310,
Martin Bein,https://raw.githubusercontent.com/bumbeishvili/Assets/master/Projects/D3/Organization%20Chart/general.jpg,Corporate,http://example.com/employee/profile,CEO office,"Ceo,tag1, tag2",false,Ios Developer,O-7509,O-7310,2023
Current User,https://raw.githubusercontent.com/bumbeishvili/Assets/master/Projects/D3/Organization%20Chart/bean.png,Corporate,http://example.com/employee/profile,CEO office,"Ceo,tag1, tag2",false,Web Developer,O-7510,O-7311,
Beate Vileid,https://raw.githubusercontent.com/bumbeishvili/Assets/master/Projects/D3/Organization%20Chart/general.jpg,Corporate,http://example.com/employee/profile,CEO office,"Ceo,tag1, tag2",false,Junior Developer,O-7511,O-7311,
 Lars Peterson,https://raw.githubusercontent.com/bumbeishvili/Assets/master/Projects/D3/Organization%20Chart/general.jpg,Corporate,http://example.com/employee/profile,CEO office,"Ceo,tag1, tag2",false,Anakyst Developer,O-7512,O-7319,
 Petra Winkler,https://raw.githubusercontent.com/bumbeishvili/Assets/master/Projects/D3/Organization%20Chart/general.jpg,Corporate,http://example.com/employee/profile,CEO office,"Ceo,tag1, tag2",false,Android Developer,O-7513,O-7320,
Martin Bein,https://raw.githubusercontent.com/bumbeishvili/Assets/master/Projects/D3/Organization%20Chart/general.jpg,Corporate,http://example.com/employee/profile,CEO office,"Ceo,tag1, tag2",false,Ios Developer,O-7514,O-7320,2023
Current User,https://raw.githubusercontent.com/bumbeishvili/Assets/master/Projects/D3/Organization%20Chart/bean.png,Corporate,http://example.com/employee/profile,CEO office,"Ceo,tag1, tag2",false,Web Developer,O-7515,O-7321,
Beate Vileid,https://raw.githubusercontent.com/bumbeishvili/Assets/master/Projects/D3/Organization%20Chart/general.jpg,Corporate,http://example.com/employee/profile,CEO office,"Ceo,tag1, tag2",false,Junior Developer,O-7516,O-7321,
 Lars Peterson,https://raw.githubusercontent.com/bumbeishvili/Assets/master/Projects/D3/Organization%20Chart/general.jpg,Corporate,http://example.com/employee/profile,CEO office,"Ceo,tag1, tag2",false,Anakyst Developer,O-7517,O-7339,
 Petra Winkler,https://raw.githubusercontent.com/bumbeishvili/Assets/master/Projects/D3/Organization%20Chart/general.jpg,Corporate,http://example.com/employee/profile,CEO office,"Ceo,tag1, tag2",false,Android Developer,O-7518,O-7340,
Martin Bein,https://raw.githubusercontent.com/bumbeishvili/Assets/master/Projects/D3/Organization%20Chart/general.jpg,Corporate,http://example.com/employee/profile,CEO office,"Ceo,tag1, tag2",false,Ios Developer,O-7519,O-7340,2023
Current User,https://raw.githubusercontent.com/bumbeishvili/Assets/master/Projects/D3/Organization%20Chart/bean.png,Corporate,http://example.com/employee/profile,CEO office,"Ceo,tag1, tag2",false,Web Developer,O-7520,O-7341,
Beate Vileid,https://raw.githubusercontent.com/bumbeishvili/Assets/master/Projects/D3/Organization%20Chart/general.jpg,Corporate,http://example.com/employee/profile,CEO office,"Ceo,tag1, tag2",false,Junior Developer,O-7521,O-7341,
 Lars Peterson,https://raw.githubusercontent.com/bumbeishvili/Assets/master/Projects/D3/Organization%20Chart/general.jpg,Corporate,http://example.com/employee/profile,CEO office,"Ceo,tag1, tag2",false,Anakyst Developer,O-7522,O-7349,
 Petra Winkler,https://raw.githubusercontent.com/bumbeishvili/Assets/master/Projects/D3/Organization%20Chart/general.jpg,Corporate,http://example.com/employee/profile,CEO office,"Ceo,tag1, tag2",false,Android Developer,O-7523,O-7350,
Martin Bein,https://raw.githubusercontent.com/bumbeishvili/Assets/master/Projects/D3/Organization%20Chart/general.jpg,Corporate,http://example.com/employee/profile,CEO office,"Ceo,tag1, tag2",false,Ios Developer,O-7524,O-7350,2023
Current User,https://raw.githubusercontent.com/bumbeishvili/Assets/master/Projects/D3/Organization%20Chart/bean.png,Corporate,http://example.com/employee/profile,CEO office,"Ceo,tag1, tag2",false,Web Developer,O-7525,O-7351,
Beate Vileid,https://raw.githubusercontent.com/bumbeishvili/Assets/master/Projects/D3/Organization%20Chart/general.jpg,Corporate,http://example.com/employee/profile,CEO office,"Ceo,tag1, tag2",false,Junior Developer,O-7526,O-7351,
 Lars Peterson,https://raw.githubusercontent.com/bumbeishvili/Assets/master/Projects/D3/Organization%20Chart/general.jpg,Corporate,http://example.com/employee/profile,CEO office,"Ceo,tag1, tag2",false,Anakyst Developer,O-7527,O-7359,
 Petra Winkler,https://raw.githubusercontent.com/bumbeishvili/Assets/master/Projects/D3/Organization%20Chart/general.jpg,Corporate,http://example.com/employee/profile,CEO office,"Ceo,tag1, tag2",false,Android Developer,O-7528,O-7360,
Martin Bein,https://raw.githubusercontent.com/bumbeishvili/Assets/master/Projects/D3/Organization%20Chart/general.jpg,Corporate,http://example.com/employee/profile,CEO office,"Ceo,tag1, tag2",false,Ios Developer,O-7529,O-7360,2023
Current User,https://raw.githubusercontent.com/bumbeishvili/Assets/master/Projects/D3/Organization%20Chart/bean.png,Corporate,http://example.com/employee/profile,CEO office,"Ceo,tag1, tag2",false,Web Developer,O-7530,O-7361,
Beate Vileid,https://raw.githubusercontent.com/bumbeishvili/Assets/master/Projects/D3/Organization%20Chart/general.jpg,Corporate,http://example.com/employee/profile,CEO office,"Ceo,tag1, tag2",false,Junior Developer,O-7531,O-7361,
Peter Wilson,https://raw.githubusercontent.com/bumbeishvili/Assets/master/Projects/D3/Organization%20Chart/general.jpg,Corporate,http://example.com/employee/profile,CEO office,"Ceo,tag1, tag2",false,Head of channels,O-7532,O-7369,
Carlos Diaz,https://raw.githubusercontent.com/bumbeishvili/Assets/master/Projects/D3/Organization%20Chart/general.jpg,Corporate,http://example.com/employee/profile,CEO office,"Ceo,tag1, tag2",false,Senior Android Developer,O-7533,O-7369,
Sven Petersen,https://raw.githubusercontent.com/bumbeishvili/Assets/master/Projects/D3/Organization%20Chart/general.jpg,Corporate,http://example.com/employee/profile,CEO office,"Ceo,tag1, tag2",false,Senior Developer,O-7534,O-7369,
Callahan Laura,https://raw.githubusercontent.com/bumbeishvili/Assets/master/Projects/D3/Organization%20Chart/general.jpg,Corporate,http://example.com/employee/profile,CEO office,"Ceo,tag1, tag2",false,Junior sales manager,O-7535,O-7374,
Dodsworth Anne,https://raw.githubusercontent.com/bumbeishvili/Assets/master/Projects/D3/Organization%20Chart/general.jpg,Corporate,http://example.com/employee/profile,CEO office,"Ceo,tag1, tag2",false,Junior sales manager,O-7536,O-7374,
Shelley Burke,https://raw.githubusercontent.com/bumbeishvili/Assets/master/Projects/D3/Organization%20Chart/general.jpg,Corporate,http://example.com/employee/profile,CEO office,"Ceo,tag1, tag2",false,Intern,O-7537,O-7376,
Valle Saavedra,https://raw.githubusercontent.com/bumbeishvili/Assets/master/Projects/D3/Organization%20Chart/general.jpg,Corporate,http://example.com/employee/profile,CEO office,"Ceo,tag1, tag2",false,Junior Inovator,O-7538,O-7377,
Regina Murphy,https://raw.githubusercontent.com/bumbeishvili/Assets/master/Projects/D3/Organization%20Chart/general.jpg,Corporate,http://example.com/employee/profile,CEO office,"Ceo,tag1, tag2",false,Developer,O-7539,O-7377,
Mayumi Ohno,https://raw.githubusercontent.com/bumbeishvili/Assets/master/Projects/D3/Organization%20Chart/general.jpg,Corporate,http://example.com/employee/profile,CEO office,"Ceo,tag1, tag2",false,Senior developer,O-7540,O-7377,
SizePalette,https://raw.githubusercontent.com/bumbeishvili/Assets/master/Projects/D3/Organization%20Chart/general.jpg,Corporate,http://example.com/employee/profile,CEO office,"Ceo,tag1, tag2",false,System analyst,O-7541,O-7377,
Peter Wilson,https://raw.githubusercontent.com/bumbeishvili/Assets/master/Projects/D3/Organization%20Chart/general.jpg,Corporate,http://example.com/employee/profile,CEO office,"Ceo,tag1, tag2",false,Head of channels,O-7542,O-7378,
Carlos Diaz,https://raw.githubusercontent.com/bumbeishvili/Assets/master/Projects/D3/Organization%20Chart/general.jpg,Corporate,http://example.com/employee/profile,CEO office,"Ceo,tag1, tag2",false,Senior Android Developer,O-7543,O-7378,
Sven Petersen,https://raw.githubusercontent.com/bumbeishvili/Assets/master/Projects/D3/Organization%20Chart/general.jpg,Corporate,http://example.com/employee/profile,CEO office,"Ceo,tag1, tag2",false,Senior Developer,O-7544,O-7378,
Callahan Laura,https://raw.githubusercontent.com/bumbeishvili/Assets/master/Projects/D3/Organization%20Chart/general.jpg,Corporate,http://example.com/employee/profile,CEO office,"Ceo,tag1, tag2",false,Junior sales manager,O-7545,O-7383,
Dodsworth Anne,https://raw.githubusercontent.com/bumbeishvili/Assets/master/Projects/D3/Organization%20Chart/general.jpg,Corporate,http://example.com/employee/profile,CEO office,"Ceo,tag1, tag2",false,Junior sales manager,O-7546,O-7383,
Shelley Burke,https://raw.githubusercontent.com/bumbeishvili/Assets/master/Projects/D3/Organization%20Chart/general.jpg,Corporate,http://example.com/employee/profile,CEO office,"Ceo,tag1, tag2",false,Intern,O-7547,O-7385,
Valle Saavedra,https://raw.githubusercontent.com/bumbeishvili/Assets/master/Projects/D3/Organization%20Chart/general.jpg,Corporate,http://example.com/employee/profile,CEO office,"Ceo,tag1, tag2",false,Junior Inovator,O-7548,O-7386,
Regina Murphy,https://raw.githubusercontent.com/bumbeishvili/Assets/master/Projects/D3/Organization%20Chart/general.jpg,Corporate,http://example.com/employee/profile,CEO office,"Ceo,tag1, tag2",false,Developer,O-7549,O-7386,
Mayumi Ohno,https://raw.githubusercontent.com/bumbeishvili/Assets/master/Projects/D3/Organization%20Chart/general.jpg,Corporate,http://example.com/employee/profile,CEO office,"Ceo,tag1, tag2",false,Senior developer,O-7550,O-7386,
SizePalette,https://raw.githubusercontent.com/bumbeishvili/Assets/master/Projects/D3/Organization%20Chart/general.jpg,Corporate,http://example.com/employee/profile,CEO office,"Ceo,tag1, tag2",false,System analyst,O-7551,O-7386,
 Lars Peterson,https://raw.githubusercontent.com/bumbeishvili/Assets/master/Projects/D3/Organization%20Chart/general.jpg,Corporate,http://example.com/employee/profile,CEO office,"Ceo,tag1, tag2",false,Anakyst Developer,O-7552,O-7432,
 Petra Winkler,https://raw.githubusercontent.com/bumbeishvili/Assets/master/Projects/D3/Organization%20Chart/general.jpg,Corporate,http://example.com/employee/profile,CEO office,"Ceo,tag1, tag2",false,Android Developer,O-7553,O-7433,
Martin Bein,https://raw.githubusercontent.com/bumbeishvili/Assets/master/Projects/D3/Organization%20Chart/general.jpg,Corporate,http://example.com/employee/profile,CEO office,"Ceo,tag1, tag2",false,Ios Developer,O-7554,O-7433,2023
Current User,https://raw.githubusercontent.com/bumbeishvili/Assets/master/Projects/D3/Organization%20Chart/bean.png,Corporate,http://example.com/employee/profile,CEO office,"Ceo,tag1, tag2",false,Web Developer,O-7555,O-7434,
Beate Vileid,https://raw.githubusercontent.com/bumbeishvili/Assets/master/Projects/D3/Organization%20Chart/general.jpg,Corporate,http://example.com/employee/profile,CEO office,"Ceo,tag1, tag2",false,Junior Developer,O-7556,O-7434,
 Lars Peterson,https://raw.githubusercontent.com/bumbeishvili/Assets/master/Projects/D3/Organization%20Chart/general.jpg,Corporate,http://example.com/employee/profile,CEO office,"Ceo,tag1, tag2",false,Anakyst Developer,O-7557,O-7442,
 Petra Winkler,https://raw.githubusercontent.com/bumbeishvili/Assets/master/Projects/D3/Organization%20Chart/general.jpg,Corporate,http://example.com/employee/profile,CEO office,"Ceo,tag1, tag2",false,Android Developer,O-7558,O-7443,
Martin Bein,https://raw.githubusercontent.com/bumbeishvili/Assets/master/Projects/D3/Organization%20Chart/general.jpg,Corporate,http://example.com/employee/profile,CEO office,"Ceo,tag1, tag2",false,Ios Developer,O-7559,O-7443,2023
Current User,https://raw.githubusercontent.com/bumbeishvili/Assets/master/Projects/D3/Organization%20Chart/bean.png,Corporate,http://example.com/employee/profile,CEO office,"Ceo,tag1, tag2",false,Web Developer,O-7560,O-7444,
Beate Vileid,https://raw.githubusercontent.com/bumbeishvili/Assets/master/Projects/D3/Organization%20Chart/general.jpg,Corporate,http://example.com/employee/profile,CEO office,"Ceo,tag1, tag2",false,Junior Developer,O-7561,O-7444,
 Lars Peterson,https://raw.githubusercontent.com/bumbeishvili/Assets/master/Projects/D3/Organization%20Chart/general.jpg,Corporate,http://example.com/employee/profile,CEO office,"Ceo,tag1, tag2",false,Anakyst Developer,O-7562,O-7467,
 Petra Winkler,https://raw.githubusercontent.com/bumbeishvili/Assets/master/Projects/D3/Organization%20Chart/general.jpg,Corporate,http://example.com/employee/profile,CEO office,"Ceo,tag1, tag2",false,Android Developer,O-7563,O-7468,
Martin Bein,https://raw.githubusercontent.com/bumbeishvili/Assets/master/Projects/D3/Organization%20Chart/general.jpg,Corporate,http://example.com/employee/profile,CEO office,"Ceo,tag1, tag2",false,Ios Developer,O-7564,O-7468,2023
Current User,https://raw.githubusercontent.com/bumbeishvili/Assets/master/Projects/D3/Organization%20Chart/bean.png,Corporate,http://example.com/employee/profile,CEO office,"Ceo,tag1, tag2",false,Web Developer,O-7565,O-7469,
Beate Vileid,https://raw.githubusercontent.com/bumbeishvili/Assets/master/Projects/D3/Organization%20Chart/general.jpg,Corporate,http://example.com/employee/profile,CEO office,"Ceo,tag1, tag2",false,Junior Developer,O-7566,O-7469,
 Lars Peterson,https://raw.githubusercontent.com/bumbeishvili/Assets/master/Projects/D3/Organization%20Chart/general.jpg,Corporate,http://example.com/employee/profile,CEO office,"Ceo,tag1, tag2",false,Anakyst Developer,O-7567,O-7477,
 Petra Winkler,https://raw.githubusercontent.com/bumbeishvili/Assets/master/Projects/D3/Organization%20Chart/general.jpg,Corporate,http://example.com/employee/profile,CEO office,"Ceo,tag1, tag2",false,Android Developer,O-7568,O-7478,
Martin Bein,https://raw.githubusercontent.com/bumbeishvili/Assets/master/Projects/D3/Organization%20Chart/general.jpg,Corporate,http://example.com/employee/profile,CEO office,"Ceo,tag1, tag2",false,Ios Developer,O-7569,O-7478,2023
Current User,https://raw.githubusercontent.com/bumbeishvili/Assets/master/Projects/D3/Organization%20Chart/bean.png,Corporate,http://example.com/employee/profile,CEO office,"Ceo,tag1, tag2",false,Web Developer,O-7570,O-7479,
Beate Vileid,https://raw.githubusercontent.com/bumbeishvili/Assets/master/Projects/D3/Organization%20Chart/general.jpg,Corporate,http://example.com/employee/profile,CEO office,"Ceo,tag1, tag2",false,Junior Developer,O-7571,O-7479,
 Lars Peterson,https://raw.githubusercontent.com/bumbeishvili/Assets/master/Projects/D3/Organization%20Chart/general.jpg,Corporate,http://example.com/employee/profile,CEO office,"Ceo,tag1, tag2",false,Anakyst Developer,O-7572,O-7532,
 Petra Winkler,https://raw.githubusercontent.com/bumbeishvili/Assets/master/Projects/D3/Organization%20Chart/general.jpg,Corporate,http://example.com/employee/profile,CEO office,"Ceo,tag1, tag2",false,Android Developer,O-7573,O-7533,
Martin Bein,https://raw.githubusercontent.com/bumbeishvili/Assets/master/Projects/D3/Organization%20Chart/general.jpg,Corporate,http://example.com/employee/profile,CEO office,"Ceo,tag1, tag2",false,Ios Developer,O-7574,O-7533,2023
Current User,https://raw.githubusercontent.com/bumbeishvili/Assets/master/Projects/D3/Organization%20Chart/bean.png,Corporate,http://example.com/employee/profile,CEO office,"Ceo,tag1, tag2",false,Web Developer,O-7575,O-7534,
Beate Vileid,https://raw.githubusercontent.com/bumbeishvili/Assets/master/Projects/D3/Organization%20Chart/general.jpg,Corporate,http://example.com/employee/profile,CEO office,"Ceo,tag1, tag2",false,Junior Developer,O-7576,O-7534,
 Lars Peterson,https://raw.githubusercontent.com/bumbeishvili/Assets/master/Projects/D3/Organization%20Chart/general.jpg,Corporate,http://example.com/employee/profile,CEO office,"Ceo,tag1, tag2",false,Anakyst Developer,O-7577,O-7542,
 Petra Winkler,https://raw.githubusercontent.com/bumbeishvili/Assets/master/Projects/D3/Organization%20Chart/general.jpg,Corporate,http://example.com/employee/profile,CEO office,"Ceo,tag1, tag2",false,Android Developer,O-7578,O-7543,
Martin Bein,https://raw.githubusercontent.com/bumbeishvili/Assets/master/Projects/D3/Organization%20Chart/general.jpg,Corporate,http://example.com/employee/profile,CEO office,"Ceo,tag1, tag2",false,Ios Developer,O-7579,O-7543,2023
Current User,https://raw.githubusercontent.com/bumbeishvili/Assets/master/Projects/D3/Organization%20Chart/bean.png,Corporate,http://example.com/employee/profile,CEO office,"Ceo,tag1, tag2",false,Web Developer,O-7580,O-7544,
Beate Vileid,https://raw.githubusercontent.com/bumbeishvili/Assets/master/Projects/D3/Organization%20Chart/general.jpg,Corporate,http://example.com/employee/profile,CEO office,"Ceo,tag1, tag2",false,Junior Developer,O-7581,O-7544,
